120 7140
1 96 18
1 18 106
1 106 104
1 104 94
1 94 39
1 39 24
1 24 59
1 59 64
1 64 52
1 52 93
1 93 36
1 36 102
1 102 3
1 3 74
1 74 108
1 108 30
1 30 67
1 67 65
1 65 27
1 27 66
1 66 19
1 19 31
1 31 100
1 100 83
1 83 41
1 41 20
1 20 97
1 97 105
1 105 68
1 68 101
1 101 98
1 98 110
1 110 84
1 84 87
1 87 47
1 47 55
1 55 7
1 7 78
1 78 42
1 42 89
1 89 90
1 90 109
1 109 117
1 117 118
1 118 72
1 72 45
1 45 49
1 49 26
1 26 53
1 53 5
1 5 9
1 9 71
1 71 63
1 63 69
1 69 119
1 119 22
1 22 115
1 115 70
1 70 120
1 120 103
1 103 113
1 113 35
1 35 12
1 12 46
1 46 14
1 14 58
1 58 11
1 11 86
1 86 112
1 112 2
1 2 111
1 111 48
1 48 79
1 79 91
1 91 32
1 32 33
1 33 76
1 76 54
1 54 60
1 60 34
1 34 38
1 38 10
1 10 73
1 73 80
1 80 95
1 95 88
1 88 77
1 77 4
1 4 75
1 75 23
1 23 8
1 8 107
1 107 81
1 81 28
1 28 82
1 82 15
1 15 51
1 51 43
1 43 37
1 37 29
1 29 44
1 44 62
1 62 17
1 17 50
1 50 57
1 57 114
1 114 13
1 13 1
1 1 85
1 85 116
1 116 56
1 56 21
1 21 61
1 61 40
1 40 92
1 92 99
1 99 6
1 6 25
1 25 16
1 16 96
2 1 2
2 1 3
1 1 4
2 1 5
1 1 6
2 1 7
2 1 8
2 1 9
2 1 10
1 1 11
2 1 12
1 1 14
1 1 15
2 1 16
1 1 17
2 1 18
1 1 19
2 1 20
1 1 21
1 1 22
2 1 23
1 1 24
1 1 25
1 1 26
2 1 27
2 1 28
2 1 29
1 1 30
2 1 31
1 1 32
2 1 33
1 1 34
2 1 35
2 1 36
2 1 37
1 1 38
2 1 39
1 1 40
2 1 41
1 1 42
2 1 43
1 1 44
1 1 45
2 1 46
1 1 47
2 1 48
1 1 49
1 1 50
1 1 51
1 1 52
1 1 53
2 1 54
2 1 55
1 1 56
2 1 57
1 1 58
1 1 59
1 1 60
1 1 61
2 1 62
1 1 63
1 1 64
1 1 65
1 1 66
2 1 67
2 1 68
1 1 69
1 1 70
1 1 71
2 1 72
2 1 73
2 1 74
1 1 75
2 1 76
1 1 77
1 1 78
1 1 79
2 1 80
1 1 81
1 1 82
2 1 83
2 1 84
2 1 86
1 1 87
2 1 88
1 1 89
2 1 90
2 1 91
2 1 92
2 1 93
2 1 94
2 1 95
2 1 96
2 1 97
2 1 98
2 1 99
1 1 100
2 1 101
2 1 102
1 1 103
2 1 104
1 1 105
2 1 106
2 1 107
1 1 108
1 1 109
2 1 110
1 1 111
2 1 112
2 1 113
2 1 114
1 1 115
1 1 116
1 1 117
2 1 118
1 1 119
2 1 120
1 2 3
2 2 4
1 2 5
2 2 6
1 2 7
2 2 8
2 2 9
2 2 10
2 2 11
1 2 12
1 2 13
1 2 14
2 2 15
1 2 16
2 2 17
1 2 18
1 2 19
1 2 20
1 2 21
1 2 22
2 2 23
1 2 24
2 2 25
2 2 26
2 2 27
2 2 28
2 2 29
1 2 30
1 2 31
2 2 32
2 2 33
1 2 34
2 2 35
2 2 36
1 2 37
2 2 38
1 2 39
2 2 40
2 2 41
2 2 42
2 2 43
2 2 44
1 2 45
1 2 46
2 2 47
2 2 48
1 2 49
2 2 50
1 2 51
1 2 52
2 2 53
2 2 54
2 2 55
1 2 56
1 2 57
1 2 58
1 2 59
1 2 60
1 2 61
1 2 62
2 2 63
2 2 64
2 2 65
1 2 66
1 2 67
2 2 68
1 2 69
2 2 70
1 2 71
2 2 72
1 2 73
2 2 74
1 2 75
1 2 76
2 2 77
2 2 78
1 2 79
1 2 80
2 2 81
1 2 82
1 2 83
1 2 84
2 2 85
2 2 86
2 2 87
1 2 88
1 2 89
2 2 90
1 2 91
1 2 92
2 2 93
2 2 94
1 2 95
1 2 96
1 2 97
1 2 98
2 2 99
1 2 100
2 2 101
2 2 102
2 2 103
1 2 104
1 2 105
2 2 106
1 2 107
1 2 108
1 2 109
1 2 110
1 2 113
2 2 114
1 2 115
1 2 116
1 2 117
1 2 118
1 2 119
2 2 120
1 3 4
1 3 5
1 3 6
1 3 7
1 3 8
2 3 9
2 3 10
1 3 11
1 3 12
2 3 13
2 3 14
2 3 15
2 3 16
1 3 17
2 3 18
1 3 19
1 3 20
2 3 21
2 3 22
2 3 23
2 3 24
1 3 25
2 3 26
2 3 27
2 3 28
1 3 29
1 3 30
2 3 31
1 3 32
1 3 33
1 3 34
1 3 35
1 3 36
1 3 37
1 3 38
1 3 39
1 3 40
2 3 41
2 3 42
1 3 43
2 3 44
1 3 45
2 3 46
1 3 47
1 3 48
1 3 49
2 3 50
2 3 51
1 3 52
1 3 53
1 3 54
2 3 55
1 3 56
2 3 57
2 3 58
1 3 59
2 3 60
2 3 61
2 3 62
2 3 63
2 3 64
1 3 65
2 3 66
2 3 67
1 3 68
2 3 69
2 3 70
1 3 71
2 3 72
1 3 73
1 3 75
1 3 76
1 3 77
1 3 78
1 3 79
2 3 80
1 3 81
2 3 82
1 3 83
1 3 84
1 3 85
1 3 86
1 3 87
1 3 88
2 3 89
2 3 90
1 3 91
2 3 92
1 3 93
1 3 94
1 3 95
2 3 96
1 3 97
1 3 98
1 3 99
1 3 100
2 3 101
2 3 103
2 3 104
1 3 105
1 3 106
2 3 107
1 3 108
1 3 109
2 3 110
2 3 111
2 3 112
1 3 113
1 3 114
2 3 115
1 3 116
1 3 117
2 3 118
1 3 119
2 3 120
2 4 5
2 4 6
2 4 7
1 4 8
2 4 9
2 4 10
1 4 11
1 4 12
2 4 13
1 4 14
1 4 15
1 4 16
1 4 17
1 4 18
2 4 19
1 4 20
1 4 21
1 4 22
2 4 23
1 4 24
1 4 25
1 4 26
1 4 27
1 4 28
1 4 29
2 4 30
1 4 31
2 4 32
2 4 33
2 4 34
1 4 35
1 4 36
1 4 37
2 4 38
1 4 39
1 4 40
2 4 41
1 4 42
1 4 43
1 4 44
2 4 45
2 4 46
1 4 47
2 4 48
2 4 49
2 4 50
2 4 51
2 4 52
1 4 53
1 4 54
2 4 55
1 4 56
1 4 57
2 4 58
1 4 59
2 4 60
2 4 61
1 4 62
1 4 63
1 4 64
2 4 65
1 4 66
1 4 67
1 4 68
2 4 69
1 4 70
1 4 71
1 4 72
1 4 73
1 4 74
2 4 76
2 4 78
2 4 79
2 4 80
1 4 81
1 4 82
2 4 83
1 4 84
2 4 85
2 4 86
1 4 87
2 4 88
2 4 89
2 4 90
1 4 91
2 4 92
1 4 93
2 4 94
2 4 95
1 4 96
2 4 97
2 4 98
1 4 99
2 4 100
2 4 101
2 4 102
2 4 103
2 4 104
1 4 105
1 4 106
2 4 107
2 4 108
2 4 109
2 4 110
1 4 111
1 4 112
2 4 113
2 4 114
1 4 115
2 4 116
1 4 117
1 4 118
1 4 119
2 4 120
2 5 6
1 5 7
1 5 8
2 5 10
1 5 11
1 5 12
2 5 13
2 5 14
2 5 15
2 5 16
2 5 17
1 5 18
2 5 19
1 5 20
2 5 21
2 5 22
1 5 23
1 5 24
1 5 25
1 5 26
2 5 27
1 5 28
1 5 29
2 5 30
1 5 31
1 5 32
1 5 33
1 5 34
1 5 35
1 5 36
1 5 37
1 5 38
1 5 39
1 5 40
2 5 41
1 5 42
1 5 43
2 5 44
1 5 45
2 5 46
1 5 47
2 5 48
2 5 49
2 5 50
2 5 51
1 5 52
1 5 54
1 5 55
2 5 56
1 5 57
1 5 58
1 5 59
2 5 60
1 5 61
2 5 62
2 5 63
1 5 64
2 5 65
2 5 66
1 5 67
2 5 68
2 5 69
1 5 70
1 5 71
1 5 72
1 5 73
1 5 74
1 5 75
2 5 76
1 5 77
1 5 78
2 5 79
2 5 80
2 5 81
2 5 82
2 5 83
1 5 84
2 5 85
2 5 86
2 5 87
1 5 88
2 5 89
2 5 90
2 5 91
2 5 92
2 5 93
1 5 94
2 5 95
1 5 96
2 5 97
2 5 98
1 5 99
2 5 100
1 5 101
1 5 102
2 5 103
1 5 104
1 5 105
2 5 106
2 5 107
2 5 108
2 5 109
1 5 110
1 5 111
2 5 112
2 5 113
2 5 114
2 5 115
2 5 116
1 5 117
1 5 118
2 5 119
2 5 120
2 6 7
1 6 8
1 6 9
1 6 10
1 6 11
2 6 12
2 6 13
2 6 14
2 6 15
2 6 16
1 6 17
2 6 18
2 6 19
2 6 20
2 6 21
2 6 22
2 6 23
1 6 24
1 6 26
1 6 27
1 6 28
2 6 29
2 6 30
1 6 31
1 6 32
1 6 33
2 6 34
2 6 35
1 6 36
1 6 37
1 6 38
1 6 39
1 6 40
2 6 41
1 6 42
1 6 43
1 6 44
2 6 45
2 6 46
2 6 47
1 6 48
1 6 49
1 6 50
2 6 51
2 6 52
2 6 53
2 6 54
1 6 55
2 6 56
2 6 57
2 6 58
1 6 59
1 6 60
1 6 61
1 6 62
2 6 63
2 6 64
2 6 65
1 6 66
2 6 67
2 6 68
1 6 69
2 6 70
2 6 71
2 6 72
1 6 73
2 6 74
1 6 75
2 6 76
1 6 77
2 6 78
1 6 79
1 6 80
1 6 81
2 6 82
1 6 83
2 6 84
1 6 85
1 6 86
2 6 87
1 6 88
2 6 89
2 6 90
1 6 91
1 6 92
2 6 93
2 6 94
2 6 95
1 6 96
2 6 97
1 6 98
2 6 100
1 6 101
1 6 102
1 6 103
2 6 104
1 6 105
2 6 106
2 6 107
2 6 108
2 6 109
2 6 110
2 6 111
1 6 112
2 6 113
2 6 114
1 6 115
1 6 116
2 6 117
1 6 118
2 6 119
2 6 120
1 7 8
1 7 9
1 7 10
1 7 11
2 7 12
2 7 13
2 7 14
2 7 15
2 7 16
2 7 17
1 7 18
2 7 19
2 7 20
1 7 21
1 7 22
2 7 23
2 7 24
1 7 25
2 7 26
2 7 27
2 7 28
1 7 29
2 7 30
1 7 31
2 7 32
2 7 33
1 7 34
2 7 35
2 7 36
1 7 37
1 7 38
2 7 39
1 7 40
1 7 41
2 7 42
1 7 43
1 7 44
1 7 45
2 7 46
2 7 47
1 7 48
1 7 49
1 7 50
2 7 51
1 7 52
1 7 53
2 7 54
1 7 56
1 7 57
1 7 58
2 7 59
2 7 60
1 7 61
1 7 62
2 7 63
1 7 64
2 7 65
1 7 66
2 7 67
1 7 68
1 7 69
2 7 70
1 7 71
1 7 72
1 7 73
2 7 74
1 7 75
1 7 76
1 7 77
1 7 79
2 7 80
1 7 81
1 7 82
2 7 83
2 7 84
1 7 85
2 7 86
1 7 87
1 7 88
1 7 89
1 7 90
2 7 91
2 7 92
2 7 93
2 7 94
2 7 95
2 7 96
1 7 97
2 7 98
1 7 99
2 7 100
2 7 101
2 7 102
2 7 103
2 7 104
2 7 105
1 7 106
1 7 107
2 7 108
1 7 109
1 7 110
1 7 111
1 7 112
1 7 113
2 7 114
1 7 115
1 7 116
2 7 117
1 7 118
2 7 119
2 7 120
2 8 9
1 8 10
1 8 11
1 8 12
1 8 13
2 8 14
2 8 15
1 8 16
1 8 17
2 8 18
2 8 19
2 8 20
1 8 21
1 8 22
2 8 24
1 8 25
2 8 26
2 8 27
2 8 28
2 8 29
2 8 30
1 8 31
1 8 32
2 8 33
2 8 34
1 8 35
2 8 36
1 8 37
1 8 38
1 8 39
2 8 40
2 8 41
2 8 42
1 8 43
2 8 44
2 8 45
2 8 46
1 8 47
2 8 48
1 8 49
2 8 50
2 8 51
2 8 52
1 8 53
2 8 54
1 8 55
1 8 56
1 8 57
2 8 58
2 8 59
1 8 60
1 8 61
2 8 62
1 8 63
2 8 64
2 8 65
1 8 66
2 8 67
2 8 68
1 8 69
2 8 70
2 8 71
1 8 72
1 8 73
2 8 74
2 8 75
2 8 76
1 8 77
1 8 78
2 8 79
1 8 80
2 8 81
1 8 82
1 8 83
2 8 84
2 8 85
1 8 86
2 8 87
1 8 88
1 8 89
2 8 90
1 8 91
1 8 92
1 8 93
1 8 94
1 8 95
2 8 96
1 8 97
2 8 98
2 8 99
1 8 100
1 8 101
1 8 102
1 8 103
2 8 104
2 8 105
1 8 106
1 8 108
2 8 109
1 8 110
2 8 111
1 8 112
2 8 113
2 8 114
1 8 115
2 8 116
2 8 117
1 8 118
1 8 119
2 8 120
1 9 10
2 9 11
2 9 12
2 9 13
1 9 14
2 9 15
2 9 16
2 9 17
2 9 18
1 9 19
1 9 20
2 9 21
1 9 22
1 9 23
1 9 24
2 9 25
2 9 26
1 9 27
1 9 28
2 9 29
1 9 30
2 9 31
2 9 32
2 9 33
2 9 34
2 9 35
1 9 36
1 9 37
2 9 38
2 9 39
2 9 40
1 9 41
1 9 42
1 9 43
2 9 44
1 9 45
2 9 46
1 9 47
1 9 48
1 9 49
1 9 50
1 9 51
2 9 52
1 9 53
2 9 54
2 9 55
1 9 56
1 9 57
2 9 58
1 9 59
2 9 60
2 9 61
2 9 62
1 9 63
2 9 64
1 9 65
2 9 66
2 9 67
1 9 68
2 9 69
1 9 70
2 9 72
2 9 73
2 9 74
2 9 75
1 9 76
2 9 77
1 9 78
1 9 79
2 9 80
1 9 81
1 9 82
1 9 83
1 9 84
1 9 85
2 9 86
2 9 87
1 9 88
2 9 89
2 9 90
1 9 91
2 9 92
1 9 93
1 9 94
2 9 95
2 9 96
1 9 97
2 9 98
2 9 99
2 9 100
1 9 101
2 9 102
1 9 103
2 9 104
1 9 105
1 9 106
2 9 107
1 9 108
1 9 109
2 9 110
2 9 111
2 9 112
2 9 113
2 9 114
2 9 115
2 9 116
1 9 117
1 9 118
1 9 119
1 9 120
2 10 11
1 10 12
2 10 13
1 10 14
1 10 15
1 10 16
2 10 17
2 10 18
2 10 19
1 10 20
1 10 21
2 10 22
1 10 23
1 10 24
1 10 25
1 10 26
1 10 27
2 10 28
1 10 29
2 10 30
1 10 31
1 10 32
1 10 33
2 10 34
2 10 35
2 10 36
2 10 37
1 10 39
2 10 40
2 10 41
1 10 42
2 10 43
2 10 44
2 10 45
2 10 46
1 10 47
2 10 48
1 10 49
2 10 50
2 10 51
2 10 52
2 10 53
1 10 54
2 10 55
2 10 56
2 10 57
2 10 58
1 10 59
1 10 60
1 10 61
2 10 62
2 10 63
1 10 64
2 10 65
1 10 66
2 10 67
1 10 68
2 10 69
2 10 70
2 10 71
1 10 72
2 10 74
1 10 75
1 10 76
1 10 77
2 10 78
1 10 79
1 10 80
1 10 81
2 10 82
2 10 83
2 10 84
1 10 85
2 10 86
1 10 87
2 10 88
1 10 89
2 10 90
2 10 91
2 10 92
2 10 93
1 10 94
1 10 95
2 10 96
2 10 97
1 10 98
2 10 99
2 10 100
1 10 101
1 10 102
2 10 103
1 10 104
1 10 105
2 10 106
1 10 107
1 10 108
2 10 109
1 10 110
1 10 111
2 10 112
2 10 113
2 10 114
1 10 115
2 10 116
2 10 117
1 10 118
2 10 119
2 10 120
2 11 12
1 11 13
1 11 14
2 11 15
2 11 16
1 11 17
1 11 18
1 11 19
2 11 20
2 11 21
1 11 22
2 11 23
1 11 24
2 11 25
2 11 26
1 11 27
1 11 28
1 11 29
1 11 30
2 11 31
1 11 32
2 11 33
1 11 34
1 11 35
1 11 36
1 11 37
2 11 38
2 11 39
1 11 40
1 11 41
2 11 42
1 11 43
2 11 44
2 11 45
2 11 46
1 11 47
1 11 48
2 11 49
1 11 50
2 11 51
2 11 52
1 11 53
1 11 54
2 11 55
2 11 56
2 11 57
2 11 59
1 11 60
2 11 61
2 11 62
2 11 63
1 11 64
1 11 65
1 11 66
1 11 67
2 11 68
1 11 69
2 11 70
1 11 71
2 11 72
1 11 73
2 11 74
2 11 75
2 11 76
2 11 77
1 11 78
2 11 79
2 11 80
2 11 81
2 11 82
1 11 83
1 11 84
1 11 85
1 11 87
2 11 88
2 11 89
2 11 90
1 11 91
2 11 92
2 11 93
1 11 94
2 11 95
2 11 96
1 11 97
2 11 98
2 11 99
2 11 100
2 11 101
1 11 102
1 11 103
1 11 104
1 11 105
2 11 106
2 11 107
2 11 108
1 11 109
2 11 110
1 11 111
2 11 112
2 11 113
1 11 114
2 11 115
2 11 116
1 11 117
2 11 118
2 11 119
2 11 120
2 12 13
2 12 14
2 12 15
1 12 16
2 12 17
1 12 18
2 12 19
1 12 20
2 12 21
1 12 22
2 12 23
1 12 24
1 12 25
2 12 26
2 12 27
2 12 28
2 12 29
1 12 30
1 12 31
2 12 32
1 12 33
2 12 34
2 12 36
2 12 37
2 12 38
1 12 39
1 12 40
2 12 41
1 12 42
2 12 43
1 12 44
2 12 45
2 12 47
2 12 48
2 12 49
1 12 50
2 12 51
1 12 52
1 12 53
1 12 54
1 12 55
1 12 56
2 12 57
1 12 58
2 12 59
1 12 60
2 12 61
1 12 62
1 12 63
1 12 64
1 12 65
1 12 66
2 12 67
2 12 68
2 12 69
1 12 70
2 12 71
1 12 72
2 12 73
2 12 74
2 12 75
2 12 76
1 12 77
1 12 78
2 12 79
2 12 80
2 12 81
1 12 82
2 12 83
2 12 84
2 12 85
2 12 86
2 12 87
1 12 88
1 12 89
2 12 90
1 12 91
2 12 92
2 12 93
1 12 94
2 12 95
2 12 96
2 12 97
1 12 98
1 12 99
1 12 100
1 12 101
1 12 102
1 12 103
2 12 104
2 12 105
1 12 106
2 12 107
1 12 108
1 12 109
1 12 110
2 12 111
2 12 112
1 12 113
2 12 114
2 12 115
2 12 116
1 12 117
1 12 118
2 12 119
1 12 120
2 13 14
2 13 15
1 13 16
2 13 17
1 13 18
2 13 19
1 13 20
2 13 21
1 13 22
2 13 23
2 13 24
1 13 25
2 13 26
1 13 27
1 13 28
1 13 29
1 13 30
2 13 31
1 13 32
1 13 33
2 13 34
1 13 35
1 13 36
2 13 37
2 13 38
2 13 39
2 13 40
2 13 41
2 13 42
1 13 43
1 13 44
2 13 45
1 13 46
1 13 47
1 13 48
1 13 49
2 13 50
1 13 51
2 13 52
2 13 53
2 13 54
1 13 55
1 13 56
1 13 57
1 13 58
1 13 59
2 13 60
1 13 61
2 13 62
2 13 63
2 13 64
1 13 65
2 13 66
2 13 67
2 13 68
1 13 69
1 13 70
1 13 71
1 13 72
2 13 73
2 13 74
1 13 75
1 13 76
2 13 77
1 13 78
1 13 79
2 13 80
2 13 81
2 13 82
1 13 83
2 13 84
1 13 85
1 13 86
2 13 87
2 13 88
2 13 89
2 13 90
1 13 91
2 13 92
1 13 93
2 13 94
1 13 95
1 13 96
2 13 97
2 13 98
2 13 99
2 13 100
2 13 101
1 13 102
2 13 103
2 13 104
2 13 105
2 13 106
2 13 107
1 13 108
2 13 109
1 13 110
2 13 111
2 13 112
2 13 113
2 13 115
1 13 116
2 13 117
2 13 118
2 13 119
1 13 120
1 14 15
1 14 16
1 14 17
1 14 18
1 14 19
1 14 20
1 14 21
1 14 22
2 14 23
1 14 24
2 14 25
1 14 26
2 14 27
2 14 28
1 14 29
1 14 30
1 14 31
2 14 32
1 14 33
1 14 34
2 14 35
1 14 36
2 14 37
1 14 38
2 14 39
1 14 40
1 14 41
1 14 42
1 14 43
2 14 44
2 14 45
1 14 47
2 14 48
2 14 49
1 14 50
2 14 51
2 14 52
2 14 53
2 14 54
1 14 55
2 14 56
1 14 57
2 14 59
1 14 60
1 14 61
2 14 62
2 14 63
1 14 64
1 14 65
2 14 66
2 14 67
2 14 68
2 14 69
1 14 70
2 14 71
1 14 72
2 14 73
2 14 74
1 14 75
2 14 76
1 14 77
2 14 78
2 14 79
2 14 80
2 14 81
1 14 82
1 14 83
1 14 84
2 14 85
2 14 86
2 14 87
1 14 88
1 14 89
1 14 90
1 14 91
1 14 92
2 14 93
2 14 94
1 14 95
2 14 96
1 14 97
2 14 98
2 14 99
2 14 100
1 14 101
1 14 102
2 14 103
2 14 104
1 14 105
1 14 106
1 14 107
1 14 108
2 14 109
2 14 110
1 14 111
1 14 112
2 14 113
1 14 114
2 14 115
1 14 116
1 14 117
1 14 118
1 14 119
1 14 120
1 15 16
2 15 17
1 15 18
2 15 19
1 15 20
1 15 21
1 15 22
2 15 23
1 15 24
2 15 25
1 15 26
1 15 27
1 15 28
1 15 29
2 15 30
1 15 31
1 15 32
2 15 33
1 15 34
2 15 35
1 15 36
1 15 37
1 15 38
1 15 39
2 15 40
2 15 41
1 15 42
2 15 43
2 15 44
2 15 45
2 15 46
2 15 47
1 15 48
2 15 49
1 15 50
1 15 52
2 15 53
1 15 54
2 15 55
2 15 56
1 15 57
1 15 58
2 15 59
1 15 60
1 15 61
1 15 62
1 15 63
1 15 64
2 15 65
1 15 66
2 15 67
1 15 68
2 15 69
2 15 70
1 15 71
1 15 72
1 15 73
1 15 74
2 15 75
2 15 76
2 15 77
1 15 78
1 15 79
2 15 80
2 15 81
1 15 83
1 15 84
1 15 85
2 15 86
2 15 87
1 15 88
2 15 89
2 15 90
2 15 91
2 15 92
2 15 93
1 15 94
2 15 95
2 15 96
2 15 97
2 15 98
2 15 99
2 15 100
1 15 101
1 15 102
2 15 103
1 15 104
2 15 105
1 15 106
2 15 107
1 15 108
2 15 109
2 15 110
2 15 111
2 15 112
1 15 113
2 15 114
2 15 115
2 15 116
1 15 117
1 15 118
2 15 119
2 15 120
1 16 17
1 16 18
1 16 19
2 16 20
1 16 21
2 16 22
2 16 23
1 16 24
2 16 26
1 16 27
2 16 28
2 16 29
1 16 30
2 16 31
1 16 32
2 16 33
2 16 34
2 16 35
1 16 36
1 16 37
2 16 38
2 16 39
2 16 40
2 16 41
1 16 42
1 16 43
1 16 44
2 16 45
2 16 46
2 16 47
1 16 48
2 16 49
1 16 50
2 16 51
1 16 52
1 16 53
1 16 54
2 16 55
1 16 56
2 16 57
2 16 58
1 16 59
2 16 60
1 16 61
2 16 62
2 16 63
2 16 64
1 16 65
1 16 66
2 16 67
1 16 68
2 16 69
1 16 70
1 16 71
2 16 72
2 16 73
1 16 74
2 16 75
1 16 76
2 16 77
2 16 78
1 16 79
1 16 80
2 16 81
2 16 82
2 16 83
2 16 84
1 16 85
1 16 86
1 16 87
2 16 88
1 16 89
1 16 90
1 16 91
1 16 92
2 16 93
2 16 94
2 16 95
2 16 97
1 16 98
2 16 99
2 16 100
2 16 101
2 16 102
2 16 103
1 16 104
1 16 105
1 16 106
1 16 107
1 16 108
2 16 109
2 16 110
2 16 111
1 16 112
1 16 113
1 16 114
2 16 115
2 16 116
1 16 117
2 16 118
2 16 119
1 16 120
2 17 18
2 17 19
1 17 20
2 17 21
1 17 22
1 17 23
2 17 24
2 17 25
1 17 26
1 17 27
2 17 28
2 17 29
2 17 30
1 17 31
1 17 32
1 17 33
1 17 34
1 17 35
1 17 36
1 17 37
2 17 38
2 17 39
1 17 40
2 17 41
1 17 42
2 17 43
1 17 44
1 17 45
1 17 46
1 17 47
1 17 48
1 17 49
2 17 51
2 17 52
2 17 53
1 17 54
2 17 55
1 17 56
2 17 57
2 17 58
1 17 59
1 17 60
1 17 61
1 17 63
2 17 64
1 17 65
1 17 66
2 17 67
1 17 68
1 17 69
2 17 70
2 17 71
1 17 72
2 17 73
1 17 74
1 17 75
1 17 76
2 17 77
1 17 78
2 17 79
2 17 80
2 17 81
2 17 82
1 17 83
1 17 84
1 17 85
1 17 86
2 17 87
2 17 88
1 17 89
1 17 90
2 17 91
1 17 92
1 17 93
2 17 94
2 17 95
2 17 96
2 17 97
2 17 98
2 17 99
1 17 100
1 17 101
2 17 102
1 17 103
1 17 104
2 17 105
1 17 106
1 17 107
1 17 108
1 17 109
2 17 110
2 17 111
2 17 112
1 17 113
1 17 114
2 17 115
2 17 116
1 17 117
1 17 118
1 17 119
1 17 120
1 18 19
2 18 20
2 18 21
2 18 22
2 18 23
1 18 24
1 18 25
1 18 26
2 18 27
2 18 28
1 18 29
1 18 30
1 18 31
1 18 32
1 18 33
1 18 34
1 18 35
1 18 36
1 18 37
2 18 38
1 18 39
1 18 40
1 18 41
1 18 42
1 18 43
1 18 44
2 18 45
1 18 46
1 18 47
2 18 48
2 18 49
2 18 50
2 18 51
1 18 52
1 18 53
1 18 54
1 18 55
1 18 56
1 18 57
1 18 58
2 18 59
2 18 60
1 18 61
1 18 62
2 18 63
1 18 64
1 18 65
1 18 66
1 18 67
1 18 68
2 18 69
1 18 70
1 18 71
2 18 72
2 18 73
1 18 74
2 18 75
1 18 76
2 18 77
1 18 78
1 18 79
1 18 80
2 18 81
2 18 82
1 18 83
2 18 84
2 18 85
1 18 86
2 18 87
2 18 88
1 18 89
1 18 90
1 18 91
1 18 92
1 18 93
1 18 94
1 18 95
1 18 97
1 18 98
2 18 99
2 18 100
2 18 101
2 18 102
2 18 103
1 18 104
1 18 105
1 18 107
1 18 108
2 18 109
2 18 110
1 18 111
2 18 112
2 18 113
2 18 114
1 18 115
2 18 116
1 18 117
2 18 118
2 18 119
2 18 120
1 19 20
1 19 21
2 19 22
2 19 23
1 19 24
1 19 25
2 19 26
2 19 27
1 19 28
2 19 29
1 19 30
2 19 32
1 19 33
2 19 34
2 19 35
1 19 36
1 19 37
2 19 38
1 19 39
2 19 40
1 19 41
1 19 42
1 19 43
2 19 44
2 19 45
1 19 46
1 19 47
2 19 48
2 19 49
2 19 50
1 19 51
2 19 52
2 19 53
1 19 54
1 19 55
1 19 56
1 19 57
2 19 58
2 19 59
1 19 60
1 19 61
2 19 62
1 19 63
1 19 64
1 19 65
2 19 67
2 19 68
1 19 69
1 19 70
2 19 71
2 19 72
1 19 73
1 19 74
2 19 75
2 19 76
2 19 77
2 19 78
2 19 79
2 19 80
1 19 81
1 19 82
2 19 83
1 19 84
1 19 85
2 19 86
1 19 87
1 19 88
2 19 89
1 19 90
2 19 91
1 19 92
1 19 93
1 19 94
1 19 95
2 19 96
1 19 97
2 19 98
1 19 99
2 19 100
2 19 101
2 19 102
1 19 103
2 19 104
2 19 105
1 19 106
1 19 107
2 19 108
2 19 109
2 19 110
1 19 111
1 19 112
2 19 113
2 19 114
1 19 115
2 19 116
2 19 117
1 19 118
2 19 119
1 19 120
1 20 21
1 20 22
1 20 23
2 20 24
1 20 25
1 20 26
1 20 27
2 20 28
2 20 29
1 20 30
1 20 31
1 20 32
2 20 33
1 20 34
2 20 35
2 20 36
1 20 37
2 20 38
1 20 39
1 20 40
1 20 42
1 20 43
1 20 44
1 20 45
2 20 46
1 20 47
2 20 48
1 20 49
1 20 50
2 20 51
2 20 52
2 20 53
2 20 54
2 20 55
1 20 56
1 20 57
1 20 58
1 20 59
2 20 60
2 20 61
1 20 62
2 20 63
1 20 64
2 20 65
2 20 66
2 20 67
1 20 68
1 20 69
2 20 70
1 20 71
1 20 72
2 20 73
1 20 74
1 20 75
2 20 76
1 20 77
1 20 78
2 20 79
1 20 80
1 20 81
1 20 82
2 20 83
2 20 84
2 20 85
2 20 86
2 20 87
2 20 88
2 20 89
2 20 90
1 20 91
1 20 92
2 20 93
2 20 94
1 20 95
2 20 96
2 20 98
1 20 99
2 20 100
2 20 101
2 20 102
1 20 103
2 20 104
1 20 105
1 20 106
2 20 107
1 20 108
1 20 109
2 20 110
2 20 111
2 20 112
2 20 113
2 20 114
1 20 115
2 20 116
1 20 117
2 20 118
1 20 119
1 20 120
1 21 22
1 21 23
1 21 24
2 21 25
2 21 26
1 21 27
2 21 28
1 21 29
2 21 30
2 21 31
1 21 32
1 21 33
1 21 34
1 21 35
2 21 36
2 21 37
1 21 38
1 21 39
2 21 40
2 21 41
2 21 42
1 21 43
1 21 44
1 21 45
2 21 46
1 21 47
2 21 48
2 21 49
1 21 50
1 21 51
2 21 52
1 21 53
1 21 54
1 21 55
2 21 57
2 21 58
1 21 59
2 21 60
1 21 62
2 21 63
1 21 64
1 21 65
2 21 66
2 21 67
1 21 68
1 21 69
1 21 70
1 21 71
1 21 72
2 21 73
2 21 74
2 21 75
2 21 76
2 21 77
2 21 78
1 21 79
1 21 80
2 21 81
2 21 82
1 21 83
2 21 84
2 21 85
1 21 86
2 21 87
2 21 88
1 21 89
1 21 90
2 21 91
2 21 92
1 21 93
1 21 94
2 21 95
1 21 96
2 21 97
1 21 98
1 21 99
2 21 100
1 21 101
2 21 102
2 21 103
2 21 104
1 21 105
1 21 106
1 21 107
1 21 108
2 21 109
1 21 110
1 21 111
1 21 112
1 21 113
1 21 114
2 21 115
2 21 116
1 21 117
1 21 118
1 21 119
1 21 120
2 22 23
2 22 24
2 22 25
2 22 26
2 22 27
2 22 28
1 22 29
1 22 30
2 22 31
1 22 32
2 22 33
1 22 34
2 22 35
1 22 36
2 22 37
1 22 38
1 22 39
1 22 40
1 22 41
2 22 42
1 22 43
1 22 44
1 22 45
1 22 46
1 22 47
2 22 48
2 22 49
1 22 50
1 22 51
2 22 52
2 22 53
2 22 54
1 22 55
1 22 56
1 22 57
2 22 58
2 22 59
1 22 60
2 22 61
2 22 62
2 22 63
1 22 64
2 22 65
1 22 66
1 22 67
1 22 68
1 22 69
1 22 70
1 22 71
1 22 72
1 22 73
2 22 74
1 22 75
1 22 76
2 22 77
1 22 78
2 22 79
2 22 80
2 22 81
2 22 82
1 22 83
1 22 84
1 22 85
2 22 86
1 22 87
2 22 88
1 22 89
1 22 90
2 22 91
1 22 92
2 22 93
1 22 94
1 22 95
1 22 96
2 22 97
2 22 98
1 22 99
2 22 100
2 22 101
2 22 102
1 22 103
2 22 104
1 22 105
1 22 106
2 22 107
2 22 108
2 22 109
2 22 110
1 22 111
1 22 112
1 22 113
2 22 114
1 22 116
2 22 117
1 22 118
1 22 120
1 23 24
1 23 25
1 23 26
2 23 27
1 23 28
2 23 29
1 23 30
2 23 31
2 23 32
2 23 33
1 23 34
1 23 35
1 23 36
2 23 37
2 23 38
1 23 39
2 23 40
2 23 41
2 23 42
1 23 43
1 23 44
1 23 45
2 23 46
2 23 47
1 23 48
1 23 49
1 23 50
1 23 51
2 23 52
1 23 53
1 23 54
2 23 55
1 23 56
2 23 57
1 23 58
2 23 59
1 23 60
1 23 61
1 23 62
1 23 63
2 23 64
1 23 65
1 23 66
1 23 67
2 23 68
2 23 69
1 23 70
1 23 71
1 23 72
2 23 73
2 23 74
1 23 76
2 23 77
1 23 78
2 23 79
2 23 80
1 23 81
2 23 82
2 23 83
2 23 84
2 23 85
1 23 86
1 23 87
1 23 88
2 23 89
2 23 90
2 23 91
2 23 92
2 23 93
2 23 94
2 23 95
2 23 96
2 23 97
2 23 98
2 23 99
1 23 100
1 23 101
2 23 102
2 23 103
1 23 104
2 23 105
1 23 106
2 23 107
1 23 108
1 23 109
1 23 110
1 23 111
2 23 112
1 23 113
2 23 114
1 23 115
2 23 116
2 23 117
2 23 118
2 23 119
1 23 120
1 24 25
1 24 26
1 24 27
2 24 28
2 24 29
2 24 30
1 24 31
1 24 32
2 24 33
2 24 34
2 24 35
2 24 36
2 24 37
1 24 38
1 24 40
1 24 41
1 24 42
2 24 43
1 24 44
1 24 45
2 24 46
1 24 47
2 24 48
2 24 49
1 24 50
1 24 51
2 24 52
2 24 53
2 24 54
1 24 55
1 24 56
2 24 57
2 24 58
1 24 60
1 24 61
1 24 62
2 24 63
2 24 64
2 24 65
1 24 66
1 24 67
1 24 68
1 24 69
2 24 70
1 24 71
1 24 72
2 24 73
1 24 74
2 24 75
1 24 76
1 24 77
1 24 78
1 24 79
1 24 80
1 24 81
1 24 82
1 24 83
2 24 84
1 24 85
2 24 86
2 24 87
1 24 88
1 24 89
1 24 90
1 24 91
1 24 92
2 24 93
2 24 94
2 24 95
1 24 96
1 24 97
1 24 98
1 24 99
1 24 100
2 24 101
1 24 102
1 24 103
2 24 104
1 24 105
2 24 106
2 24 107
1 24 108
2 24 109
2 24 110
1 24 111
2 24 112
1 24 113
1 24 114
1 24 115
1 24 116
2 24 117
1 24 118
1 24 119
2 24 120
1 25 26
1 25 27
1 25 28
2 25 29
2 25 30
2 25 31
2 25 32
2 25 33
2 25 34
2 25 35
2 25 36
2 25 37
2 25 38
2 25 39
1 25 40
2 25 41
1 25 42
2 25 43
1 25 44
1 25 45
1 25 46
1 25 47
2 25 48
1 25 49
2 25 50
1 25 51
1 25 52
1 25 53
1 25 54
1 25 55
1 25 56
1 25 57
1 25 58
1 25 59
1 25 60
1 25 61
2 25 62
2 25 63
2 25 64
2 25 65
2 25 66
2 25 67
1 25 68
1 25 69
1 25 70
1 25 71
1 25 72
2 25 73
2 25 74
1 25 75
2 25 76
2 25 77
1 25 78
1 25 79
1 25 80
2 25 81
1 25 82
1 25 83
1 25 84
1 25 85
2 25 86
1 25 87
2 25 88
2 25 89
1 25 90
2 25 91
2 25 92
2 25 93
1 25 94
2 25 95
1 25 96
2 25 97
1 25 98
1 25 99
1 25 100
1 25 101
1 25 102
1 25 103
2 25 104
2 25 105
1 25 106
1 25 107
2 25 108
1 25 109
2 25 110
2 25 111
1 25 112
2 25 113
2 25 114
1 25 115
1 25 116
1 25 117
1 25 118
2 25 119
1 25 120
1 26 27
1 26 28
2 26 29
2 26 30
1 26 31
1 26 32
1 26 33
1 26 34
1 26 35
1 26 36
1 26 37
2 26 38
2 26 39
1 26 40
1 26 41
1 26 42
1 26 43
2 26 44
2 26 45
1 26 46
1 26 47
1 26 48
1 26 50
2 26 51
1 26 52
1 26 54
2 26 55
1 26 56
1 26 57
1 26 58
1 26 59
1 26 60
1 26 61
1 26 62
1 26 63
2 26 64
1 26 65
1 26 66
2 26 67
2 26 68
1 26 69
2 26 70
1 26 71
2 26 72
2 26 73
1 26 74
1 26 75
2 26 76
2 26 77
2 26 78
2 26 79
2 26 80
1 26 81
1 26 82
2 26 83
1 26 84
1 26 85
1 26 86
1 26 87
2 26 88
2 26 89
2 26 90
2 26 91
2 26 92
2 26 93
2 26 94
1 26 95
2 26 96
2 26 97
2 26 98
1 26 99
1 26 100
1 26 101
1 26 102
2 26 103
2 26 104
2 26 105
2 26 106
1 26 107
1 26 108
2 26 109
1 26 110
1 26 111
2 26 112
1 26 113
2 26 114
2 26 115
1 26 116
2 26 117
2 26 118
2 26 119
1 26 120
1 27 28
2 27 29
1 27 30
2 27 31
1 27 32
1 27 33
2 27 34
1 27 35
1 27 36
2 27 37
1 27 38
1 27 39
1 27 40
2 27 41
1 27 42
2 27 43
2 27 44
1 27 45
2 27 46
1 27 47
1 27 48
2 27 49
2 27 50
1 27 51
1 27 52
1 27 53
2 27 54
1 27 55
2 27 56
1 27 57
1 27 58
1 27 59
2 27 60
1 27 61
2 27 62
1 27 63
2 27 64
1 27 67
1 27 68
2 27 69
1 27 70
1 27 71
2 27 72
1 27 73
2 27 74
2 27 75
2 27 76
1 27 77
1 27 78
1 27 79
1 27 80
1 27 81
1 27 82
2 27 83
2 27 84
1 27 85
2 27 86
1 27 87
1 27 88
2 27 89
1 27 90
2 27 91
2 27 92
1 27 93
2 27 94
1 27 95
1 27 96
1 27 97
2 27 98
1 27 99
2 27 100
2 27 101
1 27 102
2 27 103
2 27 104
2 27 105
1 27 106
1 27 107
1 27 108
1 27 109
1 27 110
1 27 111
2 27 112
1 27 113
1 27 114
1 27 115
2 27 116
2 27 117
1 27 118
2 27 119
1 27 120
1 28 29
1 28 30
2 28 31
1 28 32
1 28 33
1 28 34
1 28 35
1 28 36
2 28 37
1 28 38
1 28 39
1 28 40
1 28 41
2 28 42
2 28 43
1 28 44
2 28 45
2 28 46
1 28 47
1 28 48
2 28 49
1 28 50
2 28 51
1 28 52
1 28 53
2 28 54
2 28 55
1 28 56
2 28 57
1 28 58
1 28 59
2 28 60
2 28 61
1 28 62
1 28 63
2 28 64
1 28 65
1 28 66
2 28 67
2 28 68
2 28 69
2 28 70
2 28 71
2 28 72
1 28 73
1 28 74
2 28 75
1 28 76
2 28 77
2 28 78
1 28 79
1 28 80
1 28 83
2 28 84
1 28 85
1 28 86
1 28 87
2 28 88
1 28 89
2 28 90
1 28 91
2 28 92
1 28 93
2 28 94
2 28 95
1 28 96
1 28 97
2 28 98
2 28 99
2 28 100
1 28 101
1 28 102
2 28 103
2 28 104
2 28 105
2 28 106
2 28 107
2 28 108
2 28 109
1 28 110
1 28 111
2 28 112
1 28 113
1 28 114
1 28 115
2 28 116
2 28 117
1 28 118
1 28 119
2 28 120
2 29 30
1 29 31
1 29 32
1 29 33
2 29 34
2 29 35
1 29 36
2 29 38
1 29 39
2 29 40
2 29 41
1 29 42
2 29 43
1 29 45
2 29 46
2 29 47
2 29 48
1 29 49
1 29 50
2 29 51
1 29 52
1 29 53
1 29 54
2 29 55
2 29 56
2 29 57
1 29 58
1 29 59
2 29 60
1 29 61
2 29 62
2 29 63
2 29 64
1 29 65
2 29 66
1 29 67
2 29 68
2 29 69
1 29 70
1 29 71
2 29 72
2 29 73
1 29 74
1 29 75
2 29 76
1 29 77
2 29 78
1 29 79
1 29 80
2 29 81
2 29 82
2 29 83
1 29 84
1 29 85
1 29 86
2 29 87
2 29 88
1 29 89
2 29 90
1 29 91
1 29 92
1 29 93
2 29 94
2 29 95
1 29 96
1 29 97
1 29 98
1 29 99
1 29 100
1 29 101
1 29 102
2 29 103
2 29 104
1 29 105
2 29 106
1 29 107
1 29 108
2 29 109
1 29 110
2 29 111
1 29 112
1 29 113
1 29 114
1 29 115
1 29 116
1 29 117
2 29 118
2 29 119
1 29 120
1 30 31
2 30 32
1 30 33
2 30 34
2 30 35
1 30 36
2 30 37
2 30 38
1 30 39
2 30 40
2 30 41
1 30 42
2 30 43
1 30 44
2 30 45
1 30 46
1 30 47
2 30 48
1 30 49
2 30 50
2 30 51
2 30 52
2 30 53
2 30 54
2 30 55
1 30 56
2 30 57
2 30 58
2 30 59
1 30 60
2 30 61
1 30 62
1 30 63
1 30 64
2 30 65
2 30 66
1 30 68
1 30 69
1 30 70
1 30 71
1 30 72
1 30 73
1 30 74
2 30 75
1 30 76
2 30 77
2 30 78
1 30 79
1 30 80
1 30 81
2 30 82
2 30 83
2 30 84
2 30 85
2 30 86
2 30 87
2 30 88
1 30 89
1 30 90
1 30 91
2 30 92
1 30 93
1 30 94
2 30 95
1 30 96
2 30 97
1 30 98
1 30 99
1 30 100
1 30 101
1 30 102
1 30 103
1 30 104
1 30 105
2 30 106
2 30 107
2 30 109
2 30 110
2 30 111
2 30 112
2 30 113
2 30 114
1 30 115
1 30 116
1 30 117
2 30 118
2 30 119
2 30 120
1 31 32
1 31 33
2 31 34
2 31 35
1 31 36
1 31 37
1 31 38
1 31 39
2 31 40
1 31 41
1 31 42
2 31 43
1 31 44
1 31 45
2 31 46
2 31 47
1 31 48
2 31 49
1 31 50
2 31 51
1 31 52
2 31 53
1 31 54
2 31 55
1 31 56
1 31 57
2 31 58
1 31 59
1 31 60
2 31 61
2 31 62
1 31 63
2 31 64
2 31 65
2 31 66
2 31 67
2 31 68
2 31 69
2 31 70
1 31 71
2 31 72
2 31 73
1 31 74
2 31 75
2 31 76
2 31 77
1 31 78
2 31 79
1 31 80
1 31 81
1 31 82
1 31 83
1 31 84
1 31 85
2 31 86
1 31 87
1 31 88
2 31 89
2 31 90
1 31 91
1 31 92
1 31 93
1 31 94
2 31 95
2 31 96
2 31 97
1 31 98
1 31 99
1 31 101
2 31 102
2 31 103
2 31 104
1 31 105
2 31 106
2 31 107
2 31 108
1 31 109
2 31 110
1 31 111
2 31 112
1 31 113
1 31 114
2 31 115
1 31 116
1 31 117
2 31 118
1 31 119
1 31 120
1 32 34
2 32 35
2 32 36
1 32 37
1 32 38
2 32 39
2 32 40
2 32 41
2 32 42
2 32 43
1 32 44
2 32 45
1 32 46
2 32 47
2 32 48
1 32 49
1 32 50
1 32 51
2 32 52
1 32 53
2 32 54
2 32 55
2 32 56
2 32 57
2 32 58
2 32 59
2 32 60
2 32 61
1 32 62
1 32 63
2 32 64
1 32 65
2 32 66
1 32 67
1 32 68
2 32 69
1 32 70
2 32 71
2 32 72
2 32 73
1 32 74
2 32 75
1 32 76
1 32 77
1 32 78
2 32 79
1 32 80
1 32 81
2 32 82
2 32 83
1 32 84
2 32 85
1 32 86
1 32 87
1 32 88
2 32 89
2 32 90
1 32 92
1 32 93
2 32 94
1 32 95
2 32 96
2 32 97
2 32 98
1 32 99
2 32 100
2 32 101
1 32 102
1 32 103
1 32 104
2 32 105
1 32 106
2 32 107
2 32 108
1 32 109
2 32 110
2 32 111
1 32 112
2 32 113
1 32 114
2 32 115
2 32 116
2 32 117
2 32 118
2 32 119
1 32 120
1 33 34
1 33 35
1 33 36
1 33 37
2 33 38
1 33 39
2 33 40
1 33 41
2 33 42
2 33 43
2 33 44
1 33 45
2 33 46
2 33 47
1 33 48
1 33 49
2 33 50
2 33 51
1 33 52
2 33 53
1 33 54
2 33 55
2 33 56
2 33 57
2 33 58
1 33 59
2 33 60
2 33 61
2 33 62
1 33 63
2 33 64
2 33 65
2 33 66
2 33 67
2 33 68
1 33 69
2 33 70
2 33 71
2 33 72
1 33 73
1 33 74
1 33 75
2 33 77
1 33 78
1 33 79
2 33 80
1 33 81
2 33 82
2 33 83
1 33 84
2 33 85
2 33 86
2 33 87
1 33 88
2 33 89
2 33 90
2 33 91
1 33 92
1 33 93
1 33 94
1 33 95
2 33 96
1 33 97
2 33 98
1 33 99
2 33 100
1 33 101
2 33 102
1 33 103
2 33 104
2 33 105
2 33 106
2 33 107
1 33 108
2 33 109
2 33 110
1 33 111
2 33 112
2 33 113
2 33 114
1 33 115
1 33 116
1 33 117
2 33 118
1 33 119
2 33 120
1 34 35
2 34 36
2 34 37
1 34 39
1 34 40
1 34 41
2 34 42
1 34 43
2 34 44
2 34 45
2 34 46
2 34 47
1 34 48
1 34 49
1 34 50
1 34 51
2 34 52
1 34 53
1 34 54
1 34 55
2 34 56
1 34 57
2 34 58
1 34 59
2 34 61
2 34 62
1 34 63
1 34 64
2 34 65
2 34 66
2 34 67
2 34 68
1 34 69
2 34 70
1 34 71
1 34 72
2 34 73
2 34 74
1 34 75
1 34 76
2 34 77
1 34 78
1 34 79
2 34 80
1 34 81
1 34 82
2 34 83
2 34 84
1 34 85
1 34 86
2 34 87
1 34 88
1 34 89
1 34 90
1 34 91
1 34 92
1 34 93
2 34 94
1 34 95
2 34 96
1 34 97
2 34 98
1 34 99
1 34 100
1 34 101
1 34 102
2 34 103
2 34 104
1 34 105
2 34 106
1 34 107
2 34 108
2 34 109
1 34 110
1 34 111
2 34 112
1 34 113
1 34 114
1 34 115
2 34 116
1 34 117
2 34 118
2 34 119
1 34 120
1 35 36
2 35 37
1 35 38
1 35 39
1 35 40
1 35 41
2 35 42
1 35 43
1 35 44
2 35 45
2 35 46
1 35 47
1 35 48
1 35 49
1 35 50
1 35 51
2 35 52
1 35 53
2 35 54
2 35 55
1 35 56
2 35 57
1 35 58
1 35 59
2 35 60
2 35 61
2 35 62
2 35 63
1 35 64
1 35 65
1 35 66
1 35 67
1 35 68
1 35 69
1 35 70
1 35 71
2 35 72
2 35 73
2 35 74
2 35 75
2 35 76
1 35 77
2 35 78
2 35 79
1 35 80
2 35 81
2 35 82
2 35 83
2 35 84
1 35 85
1 35 86
2 35 87
2 35 88
2 35 89
1 35 90
2 35 91
1 35 92
2 35 93
1 35 94
1 35 95
1 35 96
1 35 97
2 35 98
1 35 99
2 35 100
2 35 101
1 35 102
1 35 103
2 35 104
2 35 105
2 35 106
1 35 107
2 35 108
1 35 109
2 35 110
2 35 111
1 35 112
1 35 114
2 35 115
2 35 116
1 35 117
2 35 118
2 35 119
2 35 120
1 36 37
2 36 38
1 36 39
1 36 40
1 36 41
2 36 42
2 36 43
1 36 44
2 36 45
1 36 46
1 36 47
1 36 48
2 36 49
2 36 50
1 36 51
1 36 52
1 36 53
2 36 54
1 36 55
1 36 56
1 36 57
2 36 58
2 36 59
1 36 60
2 36 61
1 36 62
2 36 63
2 36 64
1 36 65
1 36 66
2 36 67
1 36 68
2 36 69
2 36 70
2 36 71
1 36 72
1 36 73
1 36 74
1 36 75
1 36 76
1 36 77
2 36 78
1 36 79
2 36 80
1 36 81
2 36 82
1 36 83
1 36 84
1 36 85
1 36 86
1 36 87
1 36 88
1 36 89
1 36 90
1 36 91
2 36 92
1 36 94
1 36 95
2 36 96
1 36 97
1 36 98
1 36 99
2 36 100
1 36 101
2 36 103
1 36 104
1 36 105
1 36 106
1 36 107
1 36 108
1 36 109
1 36 110
2 36 111
1 36 112
2 36 113
2 36 114
2 36 115
2 36 116
1 36 117
1 36 118
1 36 119
1 36 120
1 37 38
1 37 39
1 37 40
2 37 41
2 37 42
2 37 44
2 37 45
1 37 46
2 37 47
2 37 48
1 37 49
1 37 50
2 37 51
1 37 52
1 37 53
2 37 54
1 37 55
1 37 56
1 37 57
1 37 58
1 37 59
2 37 60
1 37 61
1 37 62
2 37 63
1 37 64
2 37 65
2 37 66
1 37 67
2 37 68
2 37 69
1 37 70
2 37 71
1 37 72
2 37 73
2 37 74
2 37 75
1 37 76
2 37 77
1 37 78
1 37 79
1 37 80
2 37 81
2 37 82
1 37 83
2 37 84
2 37 85
1 37 86
1 37 87
2 37 88
1 37 89
1 37 90
1 37 91
1 37 92
1 37 93
2 37 94
1 37 95
1 37 96
1 37 97
1 37 98
2 37 99
1 37 100
2 37 101
2 37 102
1 37 103
1 37 104
1 37 105
2 37 106
2 37 107
2 37 108
2 37 109
2 37 110
2 37 111
1 37 112
1 37 113
2 37 114
1 37 115
2 37 116
2 37 117
1 37 118
1 37 119
2 37 120
1 38 39
2 38 40
1 38 41
2 38 42
1 38 43
1 38 44
2 38 45
2 38 46
2 38 47
1 38 48
2 38 49
1 38 50
2 38 51
2 38 52
1 38 53
2 38 54
1 38 55
2 38 56
2 38 57
2 38 58
1 38 59
1 38 60
1 38 61
2 38 62
1 38 63
1 38 64
1 38 65
2 38 66
1 38 67
2 38 68
2 38 69
1 38 70
1 38 71
2 38 72
2 38 73
1 38 74
2 38 75
1 38 76
2 38 77
1 38 78
2 38 79
1 38 80
1 38 81
1 38 82
2 38 83
2 38 84
1 38 85
2 38 86
1 38 87
2 38 88
2 38 89
2 38 90
2 38 91
2 38 92
1 38 93
2 38 94
2 38 95
1 38 96
2 38 97
2 38 98
2 38 99
1 38 100
2 38 101
2 38 102
2 38 103
2 38 104
1 38 105
1 38 106
2 38 107
2 38 108
2 38 109
1 38 110
1 38 111
2 38 112
2 38 113
2 38 114
1 38 115
2 38 116
2 38 117
2 38 118
1 38 119
1 38 120
1 39 40
2 39 41
2 39 42
1 39 43
2 39 44
1 39 45
1 39 46
1 39 47
2 39 48
1 39 49
1 39 50
1 39 51
2 39 52
2 39 53
2 39 54
2 39 55
2 39 56
2 39 57
2 39 58
1 39 59
2 39 60
2 39 61
1 39 62
1 39 63
1 39 64
1 39 65
2 39 66
2 39 67
2 39 68
2 39 69
2 39 70
2 39 71
2 39 72
1 39 73
2 39 74
1 39 75
1 39 76
1 39 77
1 39 78
2 39 79
1 39 80
1 39 81
1 39 82
2 39 83
2 39 84
2 39 85
2 39 86
1 39 87
1 39 88
1 39 89
2 39 90
1 39 91
2 39 92
2 39 93
1 39 95
2 39 96
2 39 97
1 39 98
2 39 99
2 39 100
2 39 101
1 39 102
1 39 103
1 39 104
2 39 105
1 39 106
1 39 107
2 39 108
1 39 109
1 39 110
2 39 111
1 39 112
1 39 113
2 39 114
2 39 115
2 39 116
1 39 117
1 39 118
1 39 119
2 39 120
1 40 41
2 40 42
2 40 43
2 40 44
1 40 45
2 40 46
2 40 47
2 40 48
2 40 49
1 40 50
1 40 51
2 40 52
1 40 53
2 40 54
2 40 55
2 40 56
2 40 57
1 40 58
2 40 59
2 40 60
1 40 62
1 40 63
2 40 64
2 40 65
2 40 66
1 40 67
1 40 68
2 40 69
2 40 70
1 40 71
1 40 72
2 40 73
2 40 74
2 40 75
2 40 76
2 40 77
2 40 78
1 40 79
2 40 80
1 40 81
1 40 82
2 40 83
2 40 84
1 40 85
1 40 86
2 40 87
1 40 88
2 40 89
2 40 90
2 40 91
1 40 93
2 40 94
2 40 95
2 40 96
1 40 97
1 40 98
1 40 99
2 40 100
2 40 101
2 40 102
2 40 103
1 40 104
1 40 105
2 40 106
2 40 107
2 40 108
1 40 109
1 40 110
2 40 111
2 40 112
2 40 113
2 40 114
2 40 115
1 40 116
1 40 117
2 40 118
2 40 119
1 40 120
2 41 42
1 41 43
2 41 44
2 41 45
1 41 46
1 41 47
2 41 48
1 41 49
1 41 50
2 41 51
2 41 52
2 41 53
1 41 54
2 41 55
2 41 56
1 41 57
1 41 58
2 41 59
1 41 60
1 41 61
2 41 62
2 41 63
1 41 64
1 41 65
2 41 66
2 41 67
2 41 68
2 41 69
1 41 70
1 41 71
2 41 72
2 41 73
2 41 74
1 41 75
2 41 76
2 41 77
1 41 78
1 41 79
2 41 80
1 41 81
2 41 82
2 41 84
2 41 85
2 41 86
1 41 87
2 41 88
2 41 89
1 41 90
1 41 91
2 41 92
1 41 93
2 41 94
2 41 95
1 41 96
1 41 97
1 41 98
2 41 99
2 41 100
2 41 101
1 41 102
2 41 103
1 41 104
2 41 105
1 41 106
1 41 107
1 41 108
2 41 109
1 41 110
1 41 111
2 41 112
1 41 113
2 41 114
1 41 115
2 41 116
1 41 117
1 41 118
1 41 119
1 41 120
1 42 43
1 42 44
2 42 45
1 42 46
1 42 47
1 42 48
2 42 49
1 42 50
1 42 51
1 42 52
2 42 53
2 42 54
1 42 55
1 42 56
2 42 57
1 42 58
2 42 59
2 42 60
1 42 61
1 42 62
2 42 63
2 42 64
2 42 65
2 42 66
1 42 67
2 42 68
2 42 69
2 42 70
2 42 71
2 42 72
2 42 73
2 42 74
1 42 75
1 42 76
1 42 77
1 42 79
2 42 80
2 42 81
1 42 82
2 42 83
2 42 84
2 42 85
2 42 86
1 42 87
2 42 88
1 42 90
1 42 91
1 42 92
1 42 93
1 42 94
2 42 95
2 42 96
2 42 97
1 42 98
2 42 99
1 42 100
1 42 101
1 42 102
2 42 103
2 42 104
2 42 105
1 42 106
2 42 107
2 42 108
1 42 109
2 42 110
2 42 111
2 42 112
1 42 113
2 42 114
2 42 115
2 42 116
1 42 117
1 42 118
2 42 119
1 42 120
1 43 44
2 43 45
1 43 46
1 43 47
1 43 48
2 43 49
1 43 50
2 43 52
1 43 53
2 43 54
2 43 55
1 43 56
2 43 57
1 43 58
2 43 59
1 43 60
1 43 61
1 43 62
1 43 63
2 43 64
2 43 65
2 43 66
1 43 67
2 43 68
2 43 69
2 43 70
2 43 71
2 43 72
2 43 73
1 43 74
2 43 75
1 43 76
1 43 77
1 43 78
1 43 79
1 43 80
2 43 81
1 43 82
2 43 83
2 43 84
2 43 85
2 43 86
2 43 87
1 43 88
2 43 89
2 43 90
2 43 91
1 43 92
2 43 93
2 43 94
2 43 95
2 43 96
1 43 97
2 43 98
1 43 99
2 43 100
2 43 101
2 43 102
2 43 103
1 43 104
1 43 105
1 43 106
1 43 107
1 43 108
1 43 109
2 43 110
1 43 111
1 43 112
2 43 113
2 43 114
2 43 115
2 43 116
1 43 117
2 43 118
2 43 119
1 43 120
1 44 45
1 44 46
1 44 47
2 44 48
2 44 49
2 44 50
1 44 51
1 44 52
1 44 53
2 44 54
2 44 55
2 44 56
1 44 57
1 44 58
1 44 59
1 44 60
2 44 61
1 44 63
1 44 64
2 44 65
2 44 66
1 44 67
2 44 68
2 44 69
1 44 70
2 44 71
1 44 72
1 44 73
1 44 74
2 44 75
1 44 76
1 44 77
1 44 78
1 44 79
2 44 80
2 44 81
2 44 82
1 44 83
2 44 84
1 44 85
2 44 86
2 44 87
2 44 88
2 44 89
2 44 90
2 44 91
1 44 92
1 44 93
1 44 94
1 44 95
1 44 96
2 44 97
2 44 98
2 44 99
1 44 100
2 44 101
1 44 102
1 44 103
2 44 104
1 44 105
1 44 106
1 44 107
1 44 108
1 44 109
1 44 110
1 44 111
2 44 112
1 44 113
1 44 114
2 44 115
1 44 116
2 44 117
1 44 118
2 44 119
1 44 120
2 45 46
2 45 47
1 45 48
1 45 50
2 45 51
2 45 52
1 45 53
1 45 54
1 45 55
2 45 56
2 45 57
2 45 58
1 45 59
2 45 60
1 45 61
1 45 62
2 45 63
1 45 64
2 45 65
2 45 66
2 45 67
2 45 68
2 45 69
2 45 70
2 45 71
1 45 73
2 45 74
1 45 75
1 45 76
1 45 77
1 45 78
2 45 79
2 45 80
2 45 81
2 45 82
1 45 83
1 45 84
2 45 85
2 45 86
1 45 87
2 45 88
1 45 89
2 45 90
2 45 91
2 45 92
2 45 93
2 45 94
2 45 95
1 45 96
1 45 97
1 45 98
2 45 99
2 45 100
2 45 101
1 45 102
1 45 103
2 45 104
2 45 105
1 45 106
2 45 107
2 45 108
2 45 109
2 45 110
2 45 111
1 45 112
1 45 113
2 45 114
1 45 115
1 45 116
1 45 117
1 45 118
2 45 119
1 45 120
2 46 47
1 46 48
1 46 49
1 46 50
2 46 51
2 46 52
1 46 53
1 46 54
2 46 55
2 46 56
2 46 57
2 46 58
2 46 59
1 46 60
1 46 61
1 46 62
1 46 63
1 46 64
1 46 65
2 46 66
2 46 67
2 46 68
2 46 69
2 46 70
1 46 71
2 46 72
2 46 73
2 46 74
2 46 75
1 46 76
2 46 77
1 46 78
1 46 79
2 46 80
2 46 81
1 46 82
1 46 83
2 46 84
1 46 85
1 46 86
2 46 87
2 46 88
2 46 89
1 46 90
2 46 91
2 46 92
2 46 93
1 46 94
2 46 95
2 46 96
2 46 97
1 46 98
1 46 99
2 46 100
1 46 101
1 46 102
1 46 103
2 46 104
2 46 105
1 46 106
1 46 107
2 46 108
1 46 109
1 46 110
1 46 111
2 46 112
1 46 113
2 46 114
2 46 115
1 46 116
2 46 117
1 46 118
1 46 119
1 46 120
1 47 48
2 47 49
2 47 50
2 47 51
2 47 52
2 47 53
1 47 54
2 47 56
2 47 57
1 47 58
1 47 59
2 47 60
2 47 61
1 47 62
2 47 63
1 47 64
1 47 65
2 47 66
2 47 67
2 47 68
2 47 69
1 47 70
1 47 71
1 47 72
2 47 73
2 47 74
1 47 75
1 47 76
2 47 77
1 47 78
1 47 79
1 47 80
1 47 81
2 47 82
2 47 83
2 47 84
1 47 85
1 47 86
1 47 88
1 47 89
1 47 90
1 47 91
2 47 92
2 47 93
2 47 94
1 47 95
1 47 96
2 47 97
2 47 98
2 47 99
1 47 100
2 47 101
2 47 102
2 47 103
2 47 104
1 47 105
1 47 106
2 47 107
1 47 108
1 47 109
1 47 110
1 47 111
1 47 112
1 47 113
1 47 114
2 47 115
2 47 116
1 47 117
2 47 118
1 47 119
1 47 120
1 48 49
1 48 50
1 48 51
2 48 52
2 48 53
1 48 54
2 48 55
2 48 56
1 48 57
2 48 58
2 48 59
2 48 60
1 48 61
1 48 62
1 48 63
2 48 64
2 48 65
2 48 66
2 48 67
2 48 68
2 48 69
1 48 70
2 48 71
2 48 72
1 48 73
1 48 74
2 48 75
1 48 76
1 48 77
2 48 78
2 48 80
1 48 81
2 48 82
2 48 83
2 48 84
2 48 85
2 48 86
2 48 87
1 48 88
2 48 89
1 48 90
2 48 91
1 48 92
1 48 93
1 48 94
1 48 95
2 48 96
2 48 97
1 48 98
2 48 99
1 48 100
2 48 101
2 48 102
2 48 103
2 48 104
2 48 105
2 48 106
1 48 107
2 48 108
2 48 109
2 48 110
1 48 112
2 48 113
1 48 114
2 48 115
2 48 116
2 48 117
2 48 118
1 48 119
2 48 120
1 49 50
1 49 51
2 49 52
2 49 53
1 49 54
2 49 55
2 49 56
1 49 57
1 49 58
2 49 59
2 49 60
1 49 61
2 49 62
1 49 63
2 49 64
1 49 65
2 49 66
1 49 67
1 49 68
1 49 69
1 49 70
2 49 71
2 49 72
2 49 73
2 49 74
1 49 75
1 49 76
2 49 77
2 49 78
1 49 79
1 49 80
1 49 81
1 49 82
2 49 83
2 49 84
2 49 85
1 49 86
1 49 87
2 49 88
1 49 89
1 49 90
1 49 91
1 49 92
2 49 93
1 49 94
2 49 95
2 49 96
2 49 97
1 49 98
2 49 99
2 49 100
1 49 101
1 49 102
1 49 103
2 49 104
2 49 105
2 49 106
1 49 107
1 49 108
1 49 109
1 49 110
2 49 111
1 49 112
2 49 113
1 49 114
2 49 115
1 49 116
2 49 117
1 49 118
2 49 119
2 49 120
1 50 51
2 50 52
1 50 53
2 50 54
2 50 55
2 50 56
1 50 58
1 50 59
2 50 60
2 50 61
2 50 62
2 50 63
2 50 64
1 50 65
2 50 66
1 50 67
2 50 68
2 50 69
2 50 70
2 50 71
2 50 72
1 50 73
1 50 74
1 50 75
1 50 76
2 50 77
1 50 78
2 50 79
2 50 80
2 50 81
2 50 82
2 50 83
1 50 84
2 50 85
1 50 86
2 50 87
1 50 88
1 50 89
2 50 90
1 50 91
2 50 92
2 50 93
2 50 94
1 50 95
2 50 96
1 50 97
2 50 98
1 50 99
2 50 100
1 50 101
2 50 102
2 50 103
1 50 104
2 50 105
2 50 106
1 50 107
2 50 108
1 50 109
1 50 110
1 50 111
2 50 112
2 50 113
1 50 114
1 50 115
1 50 116
1 50 117
2 50 118
1 50 119
2 50 120
2 51 52
1 51 53
1 51 54
1 51 55
1 51 56
2 51 57
2 51 58
1 51 59
1 51 60
2 51 61
1 51 62
1 51 63
1 51 64
2 51 65
1 51 66
1 51 67
1 51 68
1 51 69
2 51 70
1 51 71
1 51 72
2 51 73
1 51 74
2 51 75
2 51 76
1 51 77
2 51 78
1 51 79
2 51 80
1 51 81
2 51 82
1 51 83
1 51 84
2 51 85
1 51 86
1 51 87
1 51 88
2 51 89
2 51 90
1 51 91
1 51 92
2 51 93
1 51 94
2 51 95
1 51 96
1 51 97
2 51 98
1 51 99
2 51 100
1 51 101
2 51 102
2 51 103
2 51 104
2 51 105
2 51 106
2 51 107
2 51 108
1 51 109
2 51 110
1 51 111
1 51 112
1 51 113
2 51 114
2 51 115
2 51 116
2 51 117
2 51 118
1 51 119
2 51 120
1 52 53
1 52 54
2 52 55
2 52 56
2 52 57
1 52 58
2 52 59
2 52 60
2 52 61
1 52 62
1 52 63
2 52 65
2 52 66
1 52 67
2 52 68
1 52 69
2 52 70
1 52 71
2 52 72
2 52 73
2 52 74
2 52 75
1 52 76
2 52 77
1 52 78
2 52 79
1 52 80
1 52 81
1 52 82
1 52 83
2 52 84
2 52 85
2 52 86
1 52 87
1 52 88
1 52 89
2 52 90
1 52 91
2 52 92
1 52 94
1 52 95
1 52 96
1 52 97
2 52 98
1 52 99
2 52 100
2 52 101
2 52 102
2 52 103
1 52 104
1 52 105
1 52 106
2 52 107
1 52 108
2 52 109
1 52 110
2 52 111
2 52 112
1 52 113
1 52 114
1 52 115
2 52 116
2 52 117
2 52 118
2 52 119
2 52 120
2 53 54
1 53 55
2 53 56
1 53 57
2 53 58
2 53 59
1 53 60
2 53 61
1 53 62
1 53 63
1 53 64
2 53 65
2 53 66
2 53 67
2 53 68
1 53 69
2 53 70
2 53 71
1 53 72
1 53 73
2 53 74
1 53 75
2 53 76
2 53 77
1 53 78
2 53 79
1 53 80
2 53 81
1 53 82
2 53 83
1 53 84
2 53 85
1 53 86
1 53 87
1 53 88
2 53 89
2 53 90
1 53 91
1 53 92
1 53 93
2 53 94
1 53 95
2 53 96
1 53 97
2 53 98
2 53 99
1 53 100
1 53 101
1 53 102
2 53 103
1 53 104
2 53 105
2 53 106
2 53 107
1 53 108
2 53 109
2 53 110
1 53 111
1 53 112
2 53 113
2 53 114
1 53 115
2 53 116
2 53 117
1 53 118
2 53 119
1 53 120
1 54 55
2 54 56
1 54 57
1 54 58
1 54 59
1 54 61
2 54 62
2 54 63
2 54 64
1 54 65
2 54 66
2 54 67
1 54 68
1 54 69
2 54 70
2 54 71
2 54 72
2 54 73
2 54 74
1 54 75
1 54 77
2 54 78
1 54 79
2 54 80
2 54 81
2 54 82
1 54 83
1 54 84
2 54 85
2 54 86
2 54 87
2 54 88
2 54 89
2 54 90
2 54 91
2 54 92
1 54 93
2 54 94
1 54 95
2 54 96
2 54 97
1 54 98
2 54 99
1 54 100
1 54 101
1 54 102
2 54 103
1 54 104
2 54 105
2 54 106
1 54 107
2 54 108
1 54 109
2 54 110
2 54 111
2 54 112
1 54 113
2 54 114
1 54 115
2 54 116
2 54 117
2 54 118
2 54 119
1 54 120
1 55 56
1 55 57
2 55 58
1 55 59
2 55 60
1 55 61
1 55 62
2 55 63
1 55 64
2 55 65
2 55 66
1 55 67
2 55 68
1 55 69
1 55 70
2 55 71
2 55 72
2 55 73
1 55 74
1 55 75
1 55 76
2 55 77
2 55 78
1 55 79
2 55 80
2 55 81
2 55 82
1 55 83
1 55 84
1 55 85
1 55 86
2 55 87
2 55 88
2 55 89
2 55 90
1 55 91
2 55 92
2 55 93
2 55 94
2 55 95
1 55 96
1 55 97
1 55 98
1 55 99
2 55 100
1 55 101
2 55 102
1 55 103
2 55 104
2 55 105
1 55 106
2 55 107
2 55 108
1 55 109
2 55 110
1 55 111
2 55 112
2 55 113
1 55 114
1 55 115
2 55 116
1 55 117
2 55 118
1 55 119
2 55 120
1 56 57
2 56 58
2 56 59
1 56 60
1 56 61
1 56 62
1 56 63
2 56 64
1 56 65
1 56 66
1 56 67
2 56 68
2 56 69
1 56 70
1 56 71
2 56 72
2 56 73
1 56 74
1 56 75
2 56 76
2 56 77
1 56 78
1 56 79
1 56 80
1 56 81
1 56 82
1 56 83
1 56 84
2 56 85
1 56 86
2 56 87
1 56 88
2 56 89
1 56 90
1 56 91
1 56 92
2 56 93
1 56 94
2 56 95
2 56 96
2 56 97
2 56 98
1 56 99
1 56 100
2 56 101
2 56 102
2 56 103
1 56 104
2 56 105
2 56 106
2 56 107
1 56 108
2 56 109
1 56 110
2 56 111
2 56 112
1 56 113
2 56 114
2 56 115
1 56 117
2 56 118
2 56 119
1 56 120
2 57 58
2 57 59
1 57 60
2 57 61
1 57 62
1 57 63
1 57 64
1 57 65
2 57 66
2 57 67
1 57 68
1 57 69
1 57 70
2 57 71
2 57 72
2 57 73
1 57 74
2 57 75
1 57 76
2 57 77
1 57 78
1 57 79
1 57 80
1 57 81
2 57 82
2 57 83
2 57 84
2 57 85
1 57 86
1 57 87
2 57 88
2 57 89
1 57 90
2 57 91
1 57 92
1 57 93
2 57 94
1 57 95
1 57 96
2 57 97
2 57 98
2 57 99
2 57 100
1 57 101
1 57 102
1 57 103
2 57 104
2 57 105
2 57 106
2 57 107
1 57 108
1 57 109
1 57 110
1 57 111
1 57 112
2 57 113
2 57 115
2 57 116
1 57 117
2 57 118
1 57 119
2 57 120
2 58 59
1 58 60
1 58 61
2 58 62
1 58 63
2 58 64
1 58 65
2 58 66
1 58 67
2 58 68
1 58 69
2 58 70
2 58 71
1 58 72
1 58 73
1 58 74
2 58 75
2 58 76
1 58 77
2 58 78
2 58 79
1 58 80
2 58 81
2 58 82
2 58 83
1 58 84
2 58 85
2 58 86
1 58 87
2 58 88
1 58 89
2 58 90
2 58 91
1 58 92
1 58 93
2 58 94
2 58 95
1 58 96
1 58 97
1 58 98
1 58 99
1 58 100
2 58 101
2 58 102
2 58 103
2 58 104
1 58 105
1 58 106
2 58 107
1 58 108
1 58 109
1 58 110
1 58 111
2 58 112
1 58 113
2 58 114
1 58 115
2 58 116
1 58 117
1 58 118
1 58 119
1 58 120
2 59 60
2 59 61
1 59 62
2 59 63
1 59 65
2 59 66
1 59 67
2 59 68
2 59 69
1 59 70
2 59 71
2 59 72
2 59 73
1 59 74
1 59 75
2 59 76
2 59 77
2 59 78
2 59 79
2 59 80
1 59 81
2 59 82
1 59 83
1 59 84
1 59 85
1 59 86
2 59 87
1 59 88
1 59 89
2 59 90
1 59 91
2 59 92
1 59 93
1 59 94
2 59 95
1 59 96
1 59 97
2 59 98
2 59 99
2 59 100
2 59 101
2 59 102
1 59 103
1 59 104
2 59 105
2 59 106
1 59 107
1 59 108
1 59 109
2 59 110
2 59 111
1 59 112
2 59 113
1 59 114
1 59 115
2 59 116
1 59 117
2 59 118
1 59 119
2 59 120
1 60 61
1 60 62
1 60 63
1 60 64
2 60 65
2 60 66
2 60 67
2 60 68
1 60 69
1 60 70
1 60 71
2 60 72
2 60 73
2 60 74
1 60 75
2 60 76
1 60 77
1 60 78
2 60 79
1 60 80
2 60 81
2 60 82
2 60 83
1 60 84
2 60 85
2 60 86
1 60 87
2 60 88
2 60 89
1 60 90
1 60 91
2 60 92
1 60 93
2 60 94
1 60 95
2 60 96
1 60 97
2 60 98
1 60 99
2 60 100
2 60 101
2 60 102
1 60 103
2 60 104
1 60 105
1 60 106
1 60 107
1 60 108
1 60 109
2 60 110
1 60 111
1 60 112
1 60 113
2 60 114
1 60 115
2 60 116
2 60 117
1 60 118
2 60 119
1 60 120
1 61 62
2 61 63
2 61 64
2 61 65
1 61 66
2 61 67
1 61 68
2 61 69
1 61 70
2 61 71
1 61 72
1 61 73
1 61 74
1 61 75
2 61 76
1 61 77
2 61 78
2 61 79
1 61 80
2 61 81
1 61 82
1 61 83
2 61 84
2 61 85
1 61 86
1 61 87
1 61 88
2 61 89
1 61 90
2 61 91
2 61 92
2 61 93
2 61 94
1 61 95
1 61 96
2 61 97
1 61 98
1 61 99
1 61 100
1 61 101
2 61 102
1 61 103
1 61 104
2 61 105
2 61 106
2 61 107
2 61 108
1 61 109
1 61 110
2 61 111
2 61 112
2 61 113
1 61 114
2 61 115
1 61 116
1 61 117
2 61 118
1 61 119
2 61 120
2 62 63
1 62 64
1 62 65
1 62 66
2 62 67
1 62 68
1 62 69
1 62 70
1 62 71
2 62 72
2 62 73
2 62 74
1 62 75
2 62 76
2 62 77
1 62 78
1 62 79
2 62 80
2 62 81
1 62 82
2 62 83
2 62 84
1 62 85
1 62 86
2 62 87
2 62 88
1 62 89
2 62 90
1 62 91
2 62 92
1 62 93
2 62 94
2 62 95
1 62 96
1 62 97
1 62 98
1 62 99
1 62 100
1 62 101
2 62 102
2 62 103
2 62 104
1 62 105
1 62 106
2 62 107
2 62 108
1 62 109
2 62 110
1 62 111
2 62 112
1 62 113
1 62 114
1 62 115
1 62 116
1 62 117
2 62 118
2 62 119
2 62 120
1 63 64
2 63 65
1 63 66
1 63 67
1 63 68
2 63 70
1 63 72
1 63 73
2 63 74
2 63 75
2 63 76
2 63 77
1 63 78
1 63 79
2 63 80
1 63 81
1 63 82
1 63 83
2 63 84
1 63 85
2 63 86
1 63 87
1 63 88
2 63 89
1 63 90
1 63 91
2 63 92
1 63 93
1 63 94
1 63 95
2 63 96
1 63 97
2 63 98
2 63 99
2 63 100
1 63 101
1 63 102
2 63 103
1 63 104
2 63 105
1 63 106
2 63 107
2 63 108
1 63 109
1 63 110
1 63 111
1 63 112
1 63 113
1 63 114
1 63 115
2 63 116
2 63 117
1 63 118
2 63 119
2 63 120
1 64 65
2 64 66
1 64 67
1 64 68
2 64 69
2 64 70
1 64 71
1 64 72
1 64 73
2 64 74
2 64 75
1 64 76
1 64 77
1 64 78
2 64 79
2 64 80
2 64 81
1 64 82
1 64 83
2 64 84
1 64 85
1 64 86
1 64 87
2 64 88
1 64 89
1 64 90
1 64 91
1 64 92
1 64 93
2 64 94
2 64 95
1 64 96
1 64 97
2 64 98
1 64 99
1 64 100
1 64 101
1 64 102
1 64 103
2 64 104
1 64 105
2 64 106
2 64 107
1 64 108
2 64 109
1 64 110
2 64 111
1 64 112
2 64 113
1 64 114
1 64 115
2 64 116
1 64 117
1 64 118
1 64 119
2 64 120
1 65 66
1 65 68
2 65 69
1 65 70
2 65 71
1 65 72
1 65 73
1 65 74
2 65 75
1 65 76
1 65 77
1 65 78
2 65 79
1 65 80
2 65 81
2 65 82
2 65 83
1 65 84
2 65 85
1 65 86
2 65 87
1 65 88
2 65 89
1 65 90
1 65 91
2 65 92
2 65 93
2 65 94
2 65 95
1 65 96
1 65 97
2 65 98
1 65 99
2 65 100
2 65 101
1 65 102
2 65 103
2 65 104
1 65 105
1 65 106
2 65 107
1 65 108
1 65 109
1 65 110
1 65 111
2 65 112
2 65 113
2 65 114
1 65 115
1 65 116
2 65 117
2 65 118
2 65 119
1 65 120
2 66 67
2 66 68
2 66 69
1 66 70
1 66 71
1 66 72
1 66 73
1 66 74
2 66 75
2 66 76
2 66 77
1 66 78
2 66 79
1 66 80
2 66 81
2 66 82
2 66 83
2 66 84
2 66 85
2 66 86
2 66 87
2 66 88
2 66 89
2 66 90
1 66 91
2 66 92
2 66 93
2 66 94
1 66 95
1 66 96
1 66 97
2 66 98
1 66 99
2 66 100
2 66 101
1 66 102
1 66 103
1 66 104
2 66 105
2 66 106
2 66 107
1 66 108
1 66 109
1 66 110
2 66 111
2 66 112
2 66 113
1 66 114
1 66 115
1 66 116
2 66 117
1 66 118
2 66 119
1 66 120
2 67 68
2 67 69
2 67 70
1 67 71
1 67 72
2 67 73
2 67 74
1 67 75
1 67 76
2 67 77
1 67 78
1 67 79
2 67 80
1 67 81
1 67 82
1 67 83
2 67 84
2 67 85
2 67 86
2 67 87
2 67 88
1 67 89
2 67 90
1 67 91
1 67 92
2 67 93
1 67 94
2 67 95
2 67 96
2 67 97
1 67 98
1 67 99
1 67 100
2 67 101
2 67 102
1 67 103
2 67 104
1 67 105
2 67 106
2 67 107
2 67 108
2 67 109
2 67 110
1 67 111
2 67 112
2 67 113
2 67 114
1 67 115
1 67 116
1 67 117
1 67 118
2 67 119
1 67 120
2 68 69
2 68 70
1 68 71
1 68 72
2 68 73
2 68 74
1 68 75
1 68 76
2 68 77
1 68 78
1 68 79
2 68 80
2 68 81
2 68 82
1 68 83
2 68 84
1 68 85
2 68 86
1 68 87
2 68 88
2 68 89
2 68 90
1 68 91
1 68 92
1 68 93
1 68 94
2 68 95
1 68 96
1 68 97
1 68 98
1 68 99
2 68 100
1 68 102
1 68 103
1 68 104
2 68 106
2 68 107
1 68 108
1 68 109
2 68 110
1 68 111
1 68 112
1 68 113
1 68 114
2 68 115
1 68 116
2 68 117
2 68 118
2 68 119
1 68 120
1 69 70
1 69 71
2 69 72
1 69 73
2 69 74
2 69 75
2 69 76
1 69 77
2 69 78
2 69 79
1 69 80
2 69 81
2 69 82
1 69 83
2 69 84
2 69 85
1 69 86
1 69 87
2 69 88
1 69 89
2 69 90
2 69 91
1 69 92
2 69 93
2 69 94
1 69 95
2 69 96
2 69 97
2 69 98
2 69 99
2 69 100
1 69 101
2 69 102
1 69 103
1 69 104
1 69 105
2 69 106
2 69 107
1 69 108
1 69 109
2 69 110
2 69 111
2 69 112
1 69 113
2 69 114
1 69 115
2 69 116
2 69 117
1 69 118
1 69 120
2 70 71
1 70 72
2 70 73
1 70 74
2 70 75
2 70 76
1 70 77
2 70 78
1 70 79
2 70 80
1 70 81
2 70 82
2 70 83
2 70 84
2 70 85
1 70 86
1 70 87
1 70 88
2 70 89
1 70 90
1 70 91
1 70 92
2 70 93
2 70 94
1 70 95
2 70 96
2 70 97
2 70 98
1 70 99
2 70 100
2 70 101
1 70 102
2 70 103
2 70 104
1 70 105
2 70 106
1 70 107
1 70 108
1 70 109
1 70 110
2 70 111
1 70 112
2 70 113
2 70 114
2 70 116
1 70 117
2 70 118
2 70 119
1 71 72
1 71 73
1 71 74
1 71 75
2 71 76
2 71 77
2 71 78
2 71 79
1 71 80
1 71 81
2 71 82
2 71 83
2 71 84
1 71 85
2 71 86
2 71 87
2 71 88
2 71 89
1 71 90
2 71 91
2 71 92
1 71 93
2 71 94
1 71 95
1 71 96
1 71 97
2 71 98
2 71 99
1 71 100
1 71 101
2 71 102
1 71 103
2 71 104
2 71 105
1 71 106
1 71 107
1 71 108
2 71 109
2 71 110
2 71 111
2 71 112
1 71 113
1 71 114
2 71 115
2 71 116
2 71 117
1 71 118
1 71 119
1 71 120
1 72 73
1 72 74
2 72 75
1 72 76
2 72 77
2 72 78
1 72 79
1 72 80
2 72 81
2 72 82
1 72 83
2 72 84
1 72 85
2 72 86
1 72 87
2 72 88
2 72 89
1 72 90
1 72 91
2 72 92
1 72 93
2 72 94
1 72 95
1 72 96
2 72 97
2 72 98
2 72 99
1 72 100
2 72 101
1 72 102
1 72 103
2 72 104
1 72 105
2 72 106
2 72 107
2 72 108
1 72 109
2 72 110
2 72 111
2 72 112
2 72 113
1 72 114
2 72 115
2 72 116
2 72 117
2 72 119
2 72 120
1 73 74
1 73 75
2 73 76
2 73 77
1 73 78
1 73 79
1 73 81
1 73 82
2 73 83
2 73 84
1 73 85
2 73 86
2 73 87
1 73 88
2 73 89
1 73 90
1 73 91
1 73 92
1 73 93
2 73 94
1 73 95
2 73 96
2 73 97
1 73 98
1 73 99
2 73 100
2 73 101
1 73 102
1 73 103
1 73 104
2 73 105
1 73 106
1 73 107
1 73 108
1 73 109
1 73 110
1 73 111
1 73 112
2 73 113
2 73 114
2 73 115
2 73 116
1 73 117
1 73 118
2 73 119
2 73 120
2 74 75
2 74 76
2 74 77
2 74 78
1 74 79
2 74 80
1 74 81
2 74 82
2 74 83
2 74 84
1 74 85
1 74 86
2 74 87
1 74 88
2 74 89
1 74 90
2 74 91
2 74 92
1 74 93
2 74 94
1 74 95
1 74 96
2 74 97
2 74 98
2 74 99
1 74 100
1 74 101
2 74 102
2 74 103
2 74 104
1 74 105
1 74 106
1 74 107
2 74 109
2 74 110
1 74 111
1 74 112
2 74 113
1 74 114
1 74 115
1 74 116
1 74 117
1 74 118
2 74 119
2 74 120
2 75 76
2 75 77
1 75 78
2 75 79
2 75 80
2 75 81
2 75 82
2 75 83
1 75 84
1 75 85
1 75 86
1 75 87
1 75 88
2 75 89
2 75 90
2 75 91
2 75 92
2 75 93
2 75 94
1 75 95
1 75 96
2 75 97
2 75 98
1 75 99
2 75 100
2 75 101
1 75 102
1 75 103
2 75 104
1 75 105
2 75 106
2 75 107
2 75 108
2 75 109
1 75 110
2 75 111
1 75 112
2 75 113
1 75 114
1 75 115
2 75 116
2 75 117
1 75 118
2 75 119
1 75 120
1 76 77
1 76 78
1 76 79
2 76 80
2 76 81
1 76 82
1 76 83
1 76 84
2 76 85
1 76 86
1 76 87
1 76 88
1 76 89
1 76 90
1 76 91
1 76 92
2 76 93
2 76 94
1 76 95
1 76 96
2 76 97
2 76 98
1 76 99
1 76 100
2 76 101
1 76 102
2 76 103
1 76 104
1 76 105
1 76 106
2 76 107
1 76 108
1 76 109
2 76 110
1 76 111
2 76 112
2 76 113
1 76 114
2 76 115
2 76 116
1 76 117
2 76 118
2 76 119
1 76 120
2 77 78
2 77 79
2 77 80
1 77 81
1 77 82
2 77 83
1 77 84
2 77 85
1 77 86
1 77 87
2 77 89
2 77 90
1 77 91
1 77 92
1 77 93
2 77 94
1 77 95
2 77 96
2 77 97
1 77 98
1 77 99
2 77 100
2 77 101
2 77 102
2 77 103
2 77 104
1 77 105
2 77 106
1 77 107
1 77 108
1 77 109
1 77 110
2 77 111
2 77 112
1 77 113
1 77 114
1 77 115
2 77 116
2 77 117
1 77 118
2 77 119
2 77 120
2 78 79
1 78 80
2 78 81
2 78 82
2 78 83
1 78 84
1 78 85
1 78 86
1 78 87
1 78 88
1 78 89
1 78 90
1 78 91
2 78 92
2 78 93
1 78 94
2 78 95
2 78 96
1 78 97
2 78 98
2 78 99
1 78 100
1 78 101
1 78 102
1 78 103
1 78 104
2 78 105
2 78 106
1 78 107
1 78 108
1 78 109
2 78 110
1 78 111
1 78 112
2 78 113
2 78 114
1 78 115
2 78 116
1 78 117
1 78 118
1 78 119
1 78 120
1 79 80
1 79 81
2 79 82
2 79 83
1 79 84
1 79 85
2 79 86
2 79 87
2 79 88
1 79 89
2 79 90
2 79 92
1 79 93
2 79 94
2 79 95
2 79 96
1 79 97
2 79 98
1 79 99
2 79 100
2 79 101
1 79 102
2 79 103
1 79 104
1 79 105
2 79 106
2 79 107
1 79 108
2 79 109
2 79 110
1 79 111
1 79 112
2 79 113
2 79 114
2 79 115
1 79 116
1 79 117
1 79 118
2 79 119
2 79 120
2 80 81
1 80 82
2 80 83
2 80 84
2 80 85
1 80 86
2 80 87
2 80 88
1 80 89
2 80 90
1 80 91
2 80 92
2 80 93
2 80 94
2 80 96
2 80 97
1 80 98
1 80 99
2 80 100
1 80 101
1 80 102
2 80 103
1 80 104
2 80 105
2 80 106
2 80 107
2 80 108
2 80 109
1 80 110
1 80 111
1 80 112
2 80 113
1 80 114
2 80 115
1 80 116
2 80 117
1 80 118
2 80 119
2 80 120
1 81 82
1 81 83
2 81 84
2 81 85
1 81 86
2 81 87
1 81 88
2 81 89
2 81 90
1 81 91
2 81 92
2 81 93
1 81 94
1 81 95
2 81 96
1 81 97
2 81 98
2 81 99
2 81 100
1 81 101
2 81 102
1 81 103
2 81 104
1 81 105
1 81 106
1 81 108
1 81 109
1 81 110
1 81 111
1 81 112
2 81 113
1 81 114
1 81 115
1 81 116
2 81 117
1 81 118
2 81 119
2 81 120
1 82 83
2 82 84
1 82 85
2 82 86
1 82 87
1 82 88
2 82 89
1 82 90
1 82 91
2 82 92
2 82 93
1 82 94
2 82 95
1 82 96
1 82 97
1 82 98
1 82 99
1 82 100
2 82 101
1 82 102
1 82 103
2 82 104
1 82 105
2 82 106
1 82 107
2 82 108
1 82 109
2 82 110
2 82 111
2 82 112
2 82 113
2 82 114
1 82 115
2 82 116
1 82 117
2 82 118
2 82 119
1 82 120
2 83 84
1 83 85
2 83 86
1 83 87
1 83 88
1 83 89
1 83 90
1 83 91
2 83 92
1 83 93
1 83 94
1 83 95
1 83 96
2 83 97
2 83 98
2 83 99
1 83 101
2 83 102
1 83 103
1 83 104
2 83 105
2 83 106
1 83 107
1 83 108
2 83 109
1 83 110
2 83 111
2 83 112
2 83 113
1 83 114
2 83 115
1 83 116
1 83 117
1 83 118
1 83 119
1 83 120
2 84 85
1 84 86
1 84 88
1 84 89
1 84 90
2 84 91
1 84 92
2 84 93
1 84 94
2 84 95
1 84 96
1 84 97
2 84 98
1 84 99
2 84 100
1 84 101
2 84 102
2 84 103
1 84 104
1 84 105
2 84 106
2 84 107
1 84 108
2 84 109
2 84 111
2 84 112
2 84 113
1 84 114
1 84 115
1 84 116
1 84 117
2 84 118
1 84 119
2 84 120
2 85 86
2 85 87
1 85 88
2 85 89
1 85 90
1 85 91
1 85 92
1 85 93
1 85 94
2 85 95
1 85 96
2 85 97
2 85 98
2 85 99
1 85 100
2 85 101
1 85 102
1 85 103
1 85 104
1 85 105
2 85 106
1 85 107
2 85 108
1 85 109
1 85 110
2 85 111
1 85 112
1 85 113
1 85 114
2 85 115
2 85 117
2 85 118
1 85 119
2 85 120
1 86 87
1 86 88
2 86 89
2 86 90
1 86 91
1 86 92
1 86 93
1 86 94
2 86 95
1 86 96
2 86 97
1 86 98
2 86 99
2 86 100
1 86 101
1 86 102
2 86 103
2 86 104
1 86 105
2 86 106
2 86 107
1 86 108
1 86 109
1 86 110
1 86 111
2 86 113
2 86 114
1 86 115
1 86 116
2 86 117
2 86 118
2 86 119
2 86 120
2 87 88
1 87 89
2 87 90
2 87 91
1 87 92
2 87 93
1 87 94
1 87 95
1 87 96
1 87 97
1 87 98
1 87 99
1 87 100
1 87 101
2 87 102
2 87 103
1 87 104
1 87 105
2 87 106
1 87 107
2 87 108
2 87 109
1 87 110
1 87 111
1 87 112
1 87 113
1 87 114
2 87 115
1 87 116
2 87 117
1 87 118
2 87 119
2 87 120
2 88 89
1 88 90
1 88 91
1 88 92
1 88 93
1 88 94
1 88 96
2 88 97
1 88 98
1 88 99
2 88 100
1 88 101
1 88 102
2 88 103
1 88 104
1 88 105
1 88 106
1 88 107
2 88 108
2 88 109
2 88 110
2 88 111
2 88 112
2 88 113
1 88 114
1 88 115
2 88 116
2 88 117
1 88 118
1 88 119
2 88 120
2 89 91
1 89 92
2 89 93
2 89 94
2 89 95
2 89 96
2 89 97
1 89 98
1 89 99
1 89 100
2 89 101
1 89 102
1 89 103
1 89 104
2 89 105
1 89 106
1 89 107
2 89 108
1 89 109
2 89 110
1 89 111
2 89 112
1 89 113
1 89 114
2 89 115
1 89 116
2 89 117
2 89 118
1 89 119
1 89 120
1 90 91
2 90 92
1 90 93
2 90 94
1 90 95
2 90 96
1 90 97
1 90 98
2 90 99
1 90 100
1 90 101
2 90 102
2 90 103
1 90 104
2 90 105
1 90 106
1 90 107
1 90 108
2 90 110
1 90 111
2 90 112
1 90 113
1 90 114
1 90 115
1 90 116
2 90 117
1 90 118
2 90 119
1 90 120
2 91 92
2 91 93
1 91 94
1 91 95
1 91 96
2 91 97
2 91 98
2 91 99
1 91 100
2 91 101
2 91 102
1 91 103
2 91 104
1 91 105
2 91 106
2 91 107
2 91 108
2 91 109
2 91 110
2 91 111
2 91 112
1 91 113
2 91 114
2 91 115
1 91 116
2 91 117
2 91 118
2 91 119
2 91 120
1 92 93
1 92 94
1 92 95
1 92 96
1 92 97
2 92 98
1 92 100
1 92 101
1 92 102
2 92 103
1 92 104
2 92 105
1 92 106
1 92 107
1 92 108
1 92 109
1 92 110
2 92 111
1 92 112
2 92 113
1 92 114
2 92 115
1 92 116
1 92 117
1 92 118
2 92 119
1 92 120
2 93 94
1 93 95
1 93 96
2 93 97
2 93 98
1 93 99
2 93 100
2 93 101
1 93 102
1 93 103
2 93 104
1 93 105
1 93 106
1 93 107
1 93 108
2 93 109
2 93 110
2 93 111
2 93 112
2 93 113
2 93 114
1 93 115
2 93 116
1 93 117
2 93 118
2 93 119
2 93 120
2 94 95
2 94 96
1 94 97
1 94 98
2 94 99
2 94 100
1 94 101
1 94 102
1 94 103
1 94 105
2 94 106
2 94 107
1 94 108
1 94 109
1 94 110
2 94 111
1 94 112
1 94 113
2 94 114
1 94 115
2 94 116
1 94 117
2 94 118
2 94 119
2 94 120
1 95 96
1 95 97
1 95 98
2 95 99
2 95 100
2 95 101
1 95 102
2 95 103
2 95 104
1 95 105
1 95 106
1 95 107
1 95 108
1 95 109
1 95 110
1 95 111
2 95 112
2 95 113
2 95 114
2 95 115
2 95 116
1 95 117
1 95 118
1 95 119
2 95 120
1 96 97
2 96 98
1 96 99
2 96 100
1 96 101
2 96 102
2 96 103
2 96 104
2 96 105
1 96 106
1 96 107
1 96 108
2 96 109
2 96 110
1 96 111
2 96 112
2 96 113
1 96 114
1 96 115
2 96 116
2 96 117
1 96 118
2 96 119
1 96 120
2 97 98
1 97 99
1 97 100
2 97 101
1 97 102
1 97 103
2 97 104
1 97 106
2 97 107
2 97 108
1 97 109
1 97 110
1 97 111
2 97 112
2 97 113
1 97 114
1 97 115
2 97 116
1 97 117
2 97 118
2 97 119
1 97 120
1 98 99
1 98 100
2 98 102
1 98 103
1 98 104
1 98 105
2 98 106
2 98 107
1 98 108
1 98 109
2 98 111
1 98 112
1 98 113
1 98 114
1 98 115
2 98 116
1 98 117
1 98 118
1 98 119
1 98 120
1 99 100
1 99 101
1 99 102
2 99 103
1 99 104
1 99 105
1 99 106
2 99 107
2 99 108
2 99 109
2 99 110
2 99 111
1 99 112
1 99 113
1 99 114
1 99 115
1 99 116
2 99 117
2 99 118
2 99 119
2 99 120
1 100 101
2 100 102
2 100 103
1 100 104
1 100 105
1 100 106
2 100 107
1 100 108
1 100 109
2 100 110
1 100 111
2 100 112
2 100 113
2 100 114
2 100 115
2 100 116
2 100 117
1 100 118
1 100 119
2 100 120
1 101 102
1 101 103
2 101 104
1 101 105
1 101 106
2 101 107
2 101 108
2 101 109
1 101 110
1 101 111
1 101 112
1 101 113
2 101 114
1 101 115
2 101 116
2 101 117
1 101 118
1 101 119
2 101 120
2 102 103
2 102 104
2 102 105
1 102 106
2 102 107
1 102 108
2 102 109
1 102 110
1 102 111
1 102 112
2 102 113
2 102 114
1 102 115
2 102 116
1 102 117
1 102 118
2 102 119
2 102 120
2 103 104
1 103 105
2 103 106
2 103 107
1 103 108
2 103 109
2 103 110
1 103 111
1 103 112
1 103 114
2 103 115
1 103 116
1 103 117
1 103 118
1 103 119
2 104 105
1 104 107
2 104 108
1 104 109
2 104 110
2 104 111
1 104 112
2 104 113
1 104 114
2 104 115
2 104 116
2 104 117
2 104 118
1 104 119
1 104 120
1 105 106
2 105 107
1 105 108
2 105 109
2 105 110
2 105 111
1 105 112
1 105 113
2 105 114
2 105 115
1 105 116
1 105 117
2 105 118
1 105 119
1 105 120
2 106 107
1 106 108
1 106 109
1 106 110
1 106 111
1 106 112
1 106 113
1 106 114
2 106 115
1 106 116
2 106 117
2 106 118
1 106 119
1 106 120
2 107 108
1 107 109
1 107 110
1 107 111
2 107 112
2 107 113
2 107 114
1 107 115
2 107 116
2 107 117
2 107 118
1 107 119
1 107 120
1 108 109
1 108 110
1 108 111
1 108 112
2 108 113
1 108 114
2 108 115
1 108 116
1 108 117
2 108 118
1 108 119
1 108 120
1 109 110
1 109 111
2 109 112
2 109 113
1 109 114
2 109 115
1 109 116
2 109 118
2 109 119
2 109 120
1 110 111
1 110 112
1 110 113
1 110 114
1 110 115
1 110 116
2 110 117
1 110 118
1 110 119
2 110 120
1 111 112
1 111 113
1 111 114
1 111 115
2 111 116
2 111 117
1 111 118
2 111 119
1 111 120
1 112 113
1 112 114
1 112 115
1 112 116
2 112 117
1 112 118
2 112 119
2 112 120
1 113 114
1 113 115
1 113 116
2 113 117
1 113 118
2 113 119
1 113 120
1 114 115
2 114 116
1 114 117
2 114 118
2 114 119
1 114 120
2 115 116
1 115 117
1 115 118
2 115 119
1 115 120
2 116 117
1 116 118
1 116 119
2 116 120
1 117 119
1 117 120
2 118 119
1 118 120
1 119 120
